[gd_scene format=3 uid="uid://bkq5padckuq73"]

[ext_resource type="Script" uid="uid://c1g6v10gllcpb" path="res://game/enemies/enemy_basic.gd" id="1_le8aq"]
[ext_resource type="PackedScene" uid="uid://chliyextkyh72" path="res://assets/third_party/Ultimate Space Kit-glb/Astronaut-0D54W8yfrA.glb" id="2_8lm3d"]
[ext_resource type="AudioStream" uid="uid://vxssn3j0hf3d" path="res://assets/sounds/frog_sound.mp3" id="3_8lm3d"]
[ext_resource type="AudioStream" uid="uid://jwd28qgt3j6g" path="res://assets/sounds/frog_sound_2.mp3" id="4_2yjbs"]
[ext_resource type="AudioStream" uid="uid://catlpu74f266a" path="res://assets/sounds/footstep_grass_000.ogg" id="5_hcs40"]
[ext_resource type="AudioStream" uid="uid://ce8pnrrda1e40" path="res://assets/sounds/footstep_grass_001.ogg" id="6_2e5qg"]
[ext_resource type="AudioStream" uid="uid://kul4htdef6ci" path="res://assets/sounds/footstep_grass_002.ogg" id="7_y78n5"]
[ext_resource type="AudioStream" uid="uid://dk702p0sawpdg" path="res://assets/sounds/footstep_grass_003.ogg" id="8_ah6y7"]
[ext_resource type="AudioStream" uid="uid://cdx1u5y2pbb1j" path="res://assets/sounds/impactPunch_heavy_000.ogg" id="9_5u8p5"]
[ext_resource type="AudioStream" uid="uid://c71v31gljafa7" path="res://assets/sounds/impactPunch_heavy_001.ogg" id="10_h7ksf"]
[ext_resource type="AudioStream" uid="uid://cn647gl85buyt" path="res://assets/sounds/impactPunch_heavy_002.ogg" id="11_um86q"]
[ext_resource type="AudioStream" uid="uid://bjbff5y606l7m" path="res://assets/sounds/impactPunch_heavy_003.ogg" id="12_d8xg8"]

[sub_resource type="CapsuleShape3D" id="CapsuleShape3D_4lji1"]

[sub_resource type="CapsuleShape3D" id="CapsuleShape3D_le8aq"]
radius = 0.035745952
height = 0.35745952

[sub_resource type="CapsuleShape3D" id="CapsuleShape3D_8lm3d"]
radius = 0.026654795
height = 0.26654795

[sub_resource type="CapsuleShape3D" id="CapsuleShape3D_2yjbs"]
radius = 0.03143381
height = 0.3143381

[sub_resource type="CapsuleShape3D" id="CapsuleShape3D_m7tq7"]
radius = 0.029857855
height = 0.29857856

[sub_resource type="CapsuleShape3D" id="CapsuleShape3D_x2xl1"]
radius = 0.05667612
height = 0.5667612

[sub_resource type="CapsuleShape3D" id="CapsuleShape3D_40foh"]
radius = 0.01617239
height = 0.16172391

[sub_resource type="CapsuleShape3D" id="CapsuleShape3D_hcs40"]
radius = 0.025953168
height = 0.25953168

[sub_resource type="CapsuleShape3D" id="CapsuleShape3D_2e5qg"]
radius = 0.083890125
height = 0.8389013

[sub_resource type="CapsuleShape3D" id="CapsuleShape3D_y78n5"]
radius = 0.053405404
height = 0.53405404

[sub_resource type="CapsuleShape3D" id="CapsuleShape3D_ah6y7"]
radius = 0.025953153
height = 0.25953153

[sub_resource type="CapsuleShape3D" id="CapsuleShape3D_5u8p5"]
radius = 0.083890095
height = 0.838901

[sub_resource type="CapsuleShape3D" id="CapsuleShape3D_h7ksf"]
radius = 0.053405385
height = 0.53405386

[sub_resource type="CapsuleShape3D" id="CapsuleShape3D_um86q"]
radius = 0.042269118
height = 0.42269117

[sub_resource type="CapsuleShape3D" id="CapsuleShape3D_d8xg8"]
radius = 0.042269103
height = 0.42269105

[sub_resource type="AudioStreamRandomizer" id="AudioStreamRandomizer_yg1hw"]
random_pitch = 1.2599211
streams_count = 2
stream_0/stream = ExtResource("3_8lm3d")
stream_1/stream = ExtResource("4_2yjbs")

[sub_resource type="AudioStreamRandomizer" id="AudioStreamRandomizer_2yjbs"]
random_pitch = 1.1892071
streams_count = 4
stream_0/stream = ExtResource("5_hcs40")
stream_1/stream = ExtResource("6_2e5qg")
stream_2/stream = ExtResource("7_y78n5")
stream_3/stream = ExtResource("8_ah6y7")

[sub_resource type="AudioStreamRandomizer" id="AudioStreamRandomizer_hcs40"]
random_pitch = 1.1892071
random_volume_offset_db = 2.0
streams_count = 4
stream_0/stream = ExtResource("9_5u8p5")
stream_1/stream = ExtResource("10_h7ksf")
stream_2/stream = ExtResource("11_um86q")
stream_3/stream = ExtResource("12_d8xg8")

[node name="EnemyAstronaut" type="CharacterBody3D" unique_id=1330989009]
script = ExtResource("1_le8aq")
role = 1
detection_radius = 30.0
fov_angle_degrees = 180.0
proximity_detection_radius = 8.0
attack_damage = 25
move_speed = 9.0

[node name="CollisionShape3D" type="CollisionShape3D" parent="." unique_id=217705764]
transform = Transform3D(1, 0, 0, 0, 1, 0, 0, 0, 1, 0, 1.1570644, 0)
shape = SubResource("CapsuleShape3D_4lji1")

[node name="EnemyModel" parent="." unique_id=1666102026 instance=ExtResource("2_8lm3d")]

[node name="CharacterArmature" parent="EnemyModel/RootNode" parent_id_path=PackedInt32Array(1666102026, 1910059509) index="0" unique_id=845805179]
transform = Transform3D(-0.9999433, -0.010648677, -4.6546847e-10, 0, -4.371139e-08, 1, -0.010648677, 0.9999433, 4.3708912e-08, 0, 0, 0)

[node name="Skeleton3D" parent="EnemyModel/RootNode/CharacterArmature" index="0" unique_id=1778028881]
bones/2/position = Vector3(0.0021529803, 0.8374705, 0.16757363)
bones/2/rotation = Quaternion(-3.552703e-15, 1.1920933e-07, 5.94e-43, 1)
bones/4/rotation = Quaternion(0.16683148, 4.3189968e-07, 1.0312022e-07, 0.98598546)
bones/5/rotation = Quaternion(-0.09175257, -8.288267e-07, -2.051932e-08, 0.99578184)
bones/7/rotation = Quaternion(0.015637042, -0.0002757991, -4.2903275e-06, 0.99987775)
bones/8/position = Vector3(0.17719388, 0.25824642, 0.099990316)
bones/8/rotation = Quaternion(-0.04222674, 0.008971397, -0.41033655, 0.9109118)
bones/9/rotation = Quaternion(0.5204656, 0.50334305, 0.48082253, -0.49454126)
bones/10/rotation = Quaternion(0.02245406, 0.2659924, -0.20974977, 0.940611)
bones/18/rotation = Quaternion(0.04225395, 0.025641711, 0.23230468, 0.9713865)
bones/19/rotation = Quaternion(-0.076612115, -0.0015270268, -0.019867515, 0.99686193)
bones/22/position = Vector3(-0.17591701, 0.25824642, 0.09999052)
bones/22/rotation = Quaternion(-0.042226486, -0.008970844, 0.4103367, 0.9109118)
bones/23/rotation = Quaternion(0.5204658, -0.5033429, -0.48082268, -0.49454105)
bones/24/rotation = Quaternion(0.022454115, -0.26599246, 0.20974979, 0.940611)
bones/26/rotation = Quaternion(-0.35208496, 0.03995185, 0.261516, 0.8978026)
bones/27/rotation = Quaternion(-0.6248764, -0.062105622, -0.06102759, 0.7758531)
bones/29/rotation = Quaternion(-0.51045364, -0.020178568, 0.0861193, 0.85534406)
bones/30/rotation = Quaternion(-0.52709943, -0.034914587, 0.071548775, 0.8460662)
bones/32/rotation = Quaternion(-0.37396538, -0.014268747, -0.14329869, 0.9161942)
bones/33/rotation = Quaternion(-0.63640666, -0.026933443, 0.1609362, 0.75389713)
bones/35/rotation = Quaternion(-0.68594307, -0.1690326, -0.2709852, 0.65381736)
bones/36/rotation = Quaternion(0.9650399, 0.008727484, 0.002116871, 0.26194933)
bones/37/rotation = Quaternion(0.5170186, 0.0063197985, 0.008505981, 0.85590863)
bones/38/rotation = Quaternion(0.9650399, -0.00872758, -0.0021160014, 0.26194924)
bones/39/rotation = Quaternion(0.5170186, -0.00631982, -0.008506015, 0.85590863)

[node name="Foot_L" parent="EnemyModel/RootNode/CharacterArmature/Skeleton3D" index="0" unique_id=1148763957]
transform = Transform3D(-1, -4.632946e-08, 3.3529657e-05, -7.686566e-08, -0.9999932, -0.0036742091, 3.352959e-05, -0.0036741495, 0.9999932, 0.350608, 0.2804951, 0.041173443)

[node name="Head" parent="EnemyModel/RootNode/CharacterArmature/Skeleton3D" index="1" unique_id=2109138117]
transform = Transform3D(0.99999976, 4.0394355e-12, -0.00055020297, -0.00054854306, -0.07762222, -0.99698275, -4.2707998e-05, 0.9969826, -0.077622235, -0.0006383768, 0.18935144, 1.9835988)

[node name="Pinky3_L" parent="EnemyModel/RootNode/CharacterArmature/Skeleton3D" index="2" unique_id=2083260786]
transform = Transform3D(-0.37107083, 0.53634274, 0.75805205, -0.8977085, 0.0016295165, -0.44058633, -0.23754062, -0.84399855, 0.48087436, 1.5113901, 0.0005116612, 0.44376823)

[node name="Middle3_L" parent="EnemyModel/RootNode/CharacterArmature/Skeleton3D" index="3" unique_id=999318437]
transform = Transform3D(-0.5421584, 0.5118322, 0.66640246, -0.8396029, -0.2982337, -0.4540083, -0.033632435, -0.8056578, 0.59142536, 1.4564954, -0.16582441, 0.38900727)

[node name="Index3_L" parent="EnemyModel/RootNode/CharacterArmature/Skeleton3D" index="4" unique_id=1596555822]
transform = Transform3D(-0.6467091, 0.43423182, 0.62706447, -0.7523706, -0.49825168, -0.43090984, 0.12532115, -0.7504581, 0.64892715, 1.3386492, -0.30860728, 0.43603057)

[node name="Thumb2_L" parent="EnemyModel/RootNode/CharacterArmature/Skeleton3D" index="5" unique_id=40001493]
transform = Transform3D(-0.750426, -0.20892812, 0.62706465, -0.110733666, -0.89557505, -0.43090993, 0.65161246, -0.39280322, 0.64892715, 1.1022532, -0.27194405, 0.646969)

[node name="Pinky3_R" parent="EnemyModel/RootNode/CharacterArmature/Skeleton3D" index="6" unique_id=1720893030]
transform = Transform3D(-0.47986215, 0.83774984, -0.2605908, 0.87732154, 0.45607862, -0.14932883, -0.006250443, -0.30027914, -0.95383084, -1.4407536, 0.005492046, 0.4126125)

[node name="Middle1_R" parent="EnemyModel/RootNode/CharacterArmature/Skeleton3D" index="7" unique_id=1564250580]
transform = Transform3D(-0.55730194, -0.610984, -0.56223905, 0.83019656, -0.3988517, -0.3894751, 0.013712954, -0.6838241, 0.7295176, -1.2383866, -0.028150693, 0.6670419)

[node name="Middle3_R" parent="EnemyModel/RootNode/CharacterArmature/Skeleton3D" index="8" unique_id=443960801]
transform = Transform3D(-0.5571091, 0.8303958, 0.008458734, 0.7797074, 0.52655363, -0.33881778, -0.28580695, -0.1821631, -0.9408135, -1.3656842, -0.12686783, 0.3736505)

[node name="Index3_R" parent="EnemyModel/RootNode/CharacterArmature/Skeleton3D" index="9" unique_id=1258829506]
transform = Transform3D(-0.60736996, 0.7765585, 0.16750562, 0.65879303, 0.61018646, -0.44007233, -0.4439517, -0.1569352, -0.88220036, -1.2767837, -0.2726862, 0.40390942)

[node name="Thumb2_R" parent="EnemyModel/RootNode/CharacterArmature/Skeleton3D" index="10" unique_id=30908796]
transform = Transform3D(-0.91279423, 0.12221494, 0.38970453, -0.3520416, 0.24830334, -0.9024477, -0.20705763, -0.96094143, -0.18362501, -1.1022518, -0.27194425, 0.6469688)

[node name="LowerLeg_L" parent="EnemyModel/RootNode/CharacterArmature/Skeleton3D" index="11" unique_id=1157110322]
transform = Transform3D(0.9999127, 0.006959535, 0.009713115, -0.011924191, 0.5284051, 0.84886, 0.0007748483, -0.8489511, 0.5284793, 0.34701666, 0.005763218, 0.47162184)

[node name="LowerLeg_R" parent="EnemyModel/RootNode/CharacterArmature/Skeleton3D" index="12" unique_id=828756262]
transform = Transform3D(0.9999127, -0.0069591156, -0.009713074, 0.011923936, 0.5284054, 0.84886044, -0.0007745046, -0.84895116, 0.5284797, -0.34701672, 0.0057632923, 0.47162175)

[node name="PoleTarget_L" parent="EnemyModel/RootNode/CharacterArmature/Skeleton3D" index="13" unique_id=1302793036]
transform = Transform3D(1, -7.1054274e-14, 7.152558e-07, 7.1525574e-07, 3.5762787e-07, -1, -1.8474117e-13, 1, 3.5762787e-07, 0.34717786, -1.6221495, 0.59993386)

[node name="Foot_R" parent="EnemyModel/RootNode/CharacterArmature/Skeleton3D" index="14" unique_id=749778877]
transform = Transform3D(-1, -4.633128e-08, -3.3529996e-05, 1.6952703e-07, -0.9999932, -0.0036742091, -3.3529588e-05, -0.0036741495, 0.9999932, -0.350608, 0.2804951, 0.041173443)

[node name="PoleTarget_R" parent="EnemyModel/RootNode/CharacterArmature/Skeleton3D" index="15" unique_id=422142684]
transform = Transform3D(1, -7.105428e-14, -7.1525596e-07, -7.152558e-07, 3.5762787e-07, -1, 3.2684963e-13, 1, 3.5762787e-07, -0.34717786, -1.6221495, 0.59993386)

[node name="PhysicalBoneSimulator3D" type="PhysicalBoneSimulator3D" parent="EnemyModel/RootNode/CharacterArmature/Skeleton3D" index="17" unique_id=1402323206]

[node name="Physical Bone Root" type="PhysicalBone3D" parent="EnemyModel/RootNode/CharacterArmature/Skeleton3D/PhysicalBoneSimulator3D" unique_id=1400829401]
transform = Transform3D(0.12699102, -0.12096445, -0.9845004, -0.9919039, -0.015486446, -0.1260432, 3.34587e-07, 0.99253607, -0.121951744, 0.17468747, 0.25796598, 0.019379037)
joint_type = 5
joint_offset = Transform3D(1, 0, 0, 0, 1, 0, 0, 0, 1, -6.22496e-06, 6.7346846e-06, 0.17876817)
body_offset = Transform3D(0.12699056, -0.12096446, -0.9845005, -2.0145478e-08, 0.9925362, -0.1219518, 0.99190414, 0.015486745, 0.12604271, 0.17599896, 0.021794416, -0.022526354)
linear_damp = 1.0
angular_damp = 1.0
bone_name = "Root"
joint_constraints/x/linear_limit_enabled = true
joint_constraints/x/linear_limit_upper = 0.0
joint_constraints/x/linear_limit_lower = 0.0
joint_constraints/x/linear_limit_softness = 0.01
joint_constraints/x/linear_spring_enabled = false
joint_constraints/x/linear_spring_stiffness = 0.0
joint_constraints/x/linear_spring_damping = 0.0
joint_constraints/x/linear_equilibrium_point = 0.0
joint_constraints/x/linear_restitution = 0.01
joint_constraints/x/linear_damping = 1.0
joint_constraints/x/angular_limit_enabled = true
joint_constraints/x/angular_limit_upper = 0.0
joint_constraints/x/angular_limit_lower = 0.0
joint_constraints/x/angular_limit_softness = 0.01
joint_constraints/x/angular_restitution = 0.0
joint_constraints/x/angular_damping = 1.0
joint_constraints/x/erp = 0.5
joint_constraints/x/angular_spring_enabled = false
joint_constraints/x/angular_spring_stiffness = 0.0
joint_constraints/x/angular_spring_damping = 0.0
joint_constraints/x/angular_equilibrium_point = 0.0
joint_constraints/y/linear_limit_enabled = true
joint_constraints/y/linear_limit_upper = 0.0
joint_constraints/y/linear_limit_lower = 0.0
joint_constraints/y/linear_limit_softness = 0.01
joint_constraints/y/linear_spring_enabled = false
joint_constraints/y/linear_spring_stiffness = 0.0
joint_constraints/y/linear_spring_damping = 0.0
joint_constraints/y/linear_equilibrium_point = 0.0
joint_constraints/y/linear_restitution = 0.01
joint_constraints/y/linear_damping = 1.0
joint_constraints/y/angular_limit_enabled = true
joint_constraints/y/angular_limit_upper = 0.0
joint_constraints/y/angular_limit_lower = 0.0
joint_constraints/y/angular_limit_softness = 0.01
joint_constraints/y/angular_restitution = 0.0
joint_constraints/y/angular_damping = 1.0
joint_constraints/y/erp = 0.5
joint_constraints/y/angular_spring_enabled = false
joint_constraints/y/angular_spring_stiffness = 0.0
joint_constraints/y/angular_spring_damping = 0.0
joint_constraints/y/angular_equilibrium_point = 0.0
joint_constraints/z/linear_limit_enabled = true
joint_constraints/z/linear_limit_upper = 0.0
joint_constraints/z/linear_limit_lower = 0.0
joint_constraints/z/linear_limit_softness = 0.01
joint_constraints/z/linear_spring_enabled = false
joint_constraints/z/linear_spring_stiffness = 0.0
joint_constraints/z/linear_spring_damping = 0.0
joint_constraints/z/linear_equilibrium_point = 0.0
joint_constraints/z/linear_restitution = 0.01
joint_constraints/z/linear_damping = 1.0
joint_constraints/z/angular_limit_enabled = true
joint_constraints/z/angular_limit_upper = 0.0
joint_constraints/z/angular_limit_lower = 0.0
joint_constraints/z/angular_limit_softness = 0.01
joint_constraints/z/angular_restitution = 0.0
joint_constraints/z/angular_damping = 1.0
joint_constraints/z/erp = 0.5
joint_constraints/z/angular_spring_enabled = false
joint_constraints/z/angular_spring_stiffness = 0.0
joint_constraints/z/angular_spring_damping = 0.0
joint_constraints/z/angular_equilibrium_point = 0.0

[node name="CollisionShape3D" type="CollisionShape3D" parent="EnemyModel/RootNode/CharacterArmature/Skeleton3D/PhysicalBoneSimulator3D/Physical Bone Root" unique_id=698806190]
transform = Transform3D(1, 0, 0, 0, 0, 1, 0, -1, 0, 0, 0, 0)
shape = SubResource("CapsuleShape3D_le8aq")

[node name="Physical Bone Body" type="PhysicalBone3D" parent="EnemyModel/RootNode/CharacterArmature/Skeleton3D/PhysicalBoneSimulator3D" unique_id=400777388]
transform = Transform3D(0.9962951, -0.0676527, -0.053098552, 0.0076176887, 0.68440306, -0.7290641, 0.08566396, 0.72595847, 0.68238264, -0.0240372, 0.16522081, 0.7818139)
joint_type = 5
joint_offset = Transform3D(1, 0, 0, 0, 1, 0, 0, 0, 1, 0.028605837, -0.029662054, 0.105987534)
body_offset = Transform3D(0.9962951, -0.06765222, -0.053099066, 0.08566397, 0.7259587, 0.68238235, -0.0076169455, -0.6844029, 0.72906435, -0.02487872, -0.053241074, -0.09735463)
linear_damp = 1.0
angular_damp = 1.0
bone_name = "Body"
joint_constraints/x/linear_limit_enabled = true
joint_constraints/x/linear_limit_upper = 0.0
joint_constraints/x/linear_limit_lower = 0.0
joint_constraints/x/linear_limit_softness = 0.01
joint_constraints/x/linear_spring_enabled = false
joint_constraints/x/linear_spring_stiffness = 0.0
joint_constraints/x/linear_spring_damping = 0.0
joint_constraints/x/linear_equilibrium_point = 0.0
joint_constraints/x/linear_restitution = 0.01
joint_constraints/x/linear_damping = 1.0
joint_constraints/x/angular_limit_enabled = true
joint_constraints/x/angular_limit_upper = 0.0
joint_constraints/x/angular_limit_lower = 0.0
joint_constraints/x/angular_limit_softness = 0.01
joint_constraints/x/angular_restitution = 0.0
joint_constraints/x/angular_damping = 1.0
joint_constraints/x/erp = 0.5
joint_constraints/x/angular_spring_enabled = false
joint_constraints/x/angular_spring_stiffness = 0.0
joint_constraints/x/angular_spring_damping = 0.0
joint_constraints/x/angular_equilibrium_point = 0.0
joint_constraints/y/linear_limit_enabled = true
joint_constraints/y/linear_limit_upper = 0.0
joint_constraints/y/linear_limit_lower = 0.0
joint_constraints/y/linear_limit_softness = 0.01
joint_constraints/y/linear_spring_enabled = false
joint_constraints/y/linear_spring_stiffness = 0.0
joint_constraints/y/linear_spring_damping = 0.0
joint_constraints/y/linear_equilibrium_point = 0.0
joint_constraints/y/linear_restitution = 0.01
joint_constraints/y/linear_damping = 1.0
joint_constraints/y/angular_limit_enabled = true
joint_constraints/y/angular_limit_upper = 0.0
joint_constraints/y/angular_limit_lower = 0.0
joint_constraints/y/angular_limit_softness = 0.01
joint_constraints/y/angular_restitution = 0.0
joint_constraints/y/angular_damping = 1.0
joint_constraints/y/erp = 0.5
joint_constraints/y/angular_spring_enabled = false
joint_constraints/y/angular_spring_stiffness = 0.0
joint_constraints/y/angular_spring_damping = 0.0
joint_constraints/y/angular_equilibrium_point = 0.0
joint_constraints/z/linear_limit_enabled = true
joint_constraints/z/linear_limit_upper = 0.0
joint_constraints/z/linear_limit_lower = 0.0
joint_constraints/z/linear_limit_softness = 0.01
joint_constraints/z/linear_spring_enabled = false
joint_constraints/z/linear_spring_stiffness = 0.0
joint_constraints/z/linear_spring_damping = 0.0
joint_constraints/z/linear_equilibrium_point = 0.0
joint_constraints/z/linear_restitution = 0.01
joint_constraints/z/linear_damping = 1.0
joint_constraints/z/angular_limit_enabled = true
joint_constraints/z/angular_limit_upper = 0.0
joint_constraints/z/angular_limit_lower = 0.0
joint_constraints/z/angular_limit_softness = 0.01
joint_constraints/z/angular_restitution = 0.0
joint_constraints/z/angular_damping = 1.0
joint_constraints/z/erp = 0.5
joint_constraints/z/angular_spring_enabled = false
joint_constraints/z/angular_spring_stiffness = 0.0
joint_constraints/z/angular_spring_damping = 0.0
joint_constraints/z/angular_equilibrium_point = 0.0

[node name="CollisionShape3D" type="CollisionShape3D" parent="EnemyModel/RootNode/CharacterArmature/Skeleton3D/PhysicalBoneSimulator3D/Physical Bone Body" unique_id=755059825]
transform = Transform3D(1, 0, 0, 0, 0, 1, 0, -1, 0, 0, 0, 0)
shape = SubResource("CapsuleShape3D_8lm3d")

[node name="Physical Bone Hips" type="PhysicalBone3D" parent="EnemyModel/RootNode/CharacterArmature/Skeleton3D/PhysicalBoneSimulator3D" unique_id=358793603]
transform = Transform3D(0.99630773, -0.008702596, 0.085412614, 1.5059486e-06, -0.9948476, -0.10138146, 0.08585483, 0.101007245, -0.9911743, -0.029676884, 0.278293, 0.8399236)
joint_type = 5
joint_offset = Transform3D(1, 0, 0, 0, 1, 0, 0, 0, 1, 0.012866635, -0.0033130043, 0.18955687)
body_offset = Transform3D(0.9963077, -0.008702774, 0.08541261, 0.0854124, -0.00039804727, -0.9963456, 0.008704969, 0.99996203, 0.00034675747, -0.029038507, 0.18776387, 0.0031351447)
linear_damp = 1.0
angular_damp = 1.0
bone_name = "Hips"
joint_constraints/x/linear_limit_enabled = true
joint_constraints/x/linear_limit_upper = 0.0
joint_constraints/x/linear_limit_lower = 0.0
joint_constraints/x/linear_limit_softness = 0.01
joint_constraints/x/linear_spring_enabled = false
joint_constraints/x/linear_spring_stiffness = 0.0
joint_constraints/x/linear_spring_damping = 0.0
joint_constraints/x/linear_equilibrium_point = 0.0
joint_constraints/x/linear_restitution = 0.01
joint_constraints/x/linear_damping = 1.0
joint_constraints/x/angular_limit_enabled = true
joint_constraints/x/angular_limit_upper = 0.0
joint_constraints/x/angular_limit_lower = 0.0
joint_constraints/x/angular_limit_softness = 0.01
joint_constraints/x/angular_restitution = 0.0
joint_constraints/x/angular_damping = 1.0
joint_constraints/x/erp = 0.5
joint_constraints/x/angular_spring_enabled = false
joint_constraints/x/angular_spring_stiffness = 0.0
joint_constraints/x/angular_spring_damping = 0.0
joint_constraints/x/angular_equilibrium_point = 0.0
joint_constraints/y/linear_limit_enabled = true
joint_constraints/y/linear_limit_upper = 0.0
joint_constraints/y/linear_limit_lower = 0.0
joint_constraints/y/linear_limit_softness = 0.01
joint_constraints/y/linear_spring_enabled = false
joint_constraints/y/linear_spring_stiffness = 0.0
joint_constraints/y/linear_spring_damping = 0.0
joint_constraints/y/linear_equilibrium_point = 0.0
joint_constraints/y/linear_restitution = 0.01
joint_constraints/y/linear_damping = 1.0
joint_constraints/y/angular_limit_enabled = true
joint_constraints/y/angular_limit_upper = 0.0
joint_constraints/y/angular_limit_lower = 0.0
joint_constraints/y/angular_limit_softness = 0.01
joint_constraints/y/angular_restitution = 0.0
joint_constraints/y/angular_damping = 1.0
joint_constraints/y/erp = 0.5
joint_constraints/y/angular_spring_enabled = false
joint_constraints/y/angular_spring_stiffness = 0.0
joint_constraints/y/angular_spring_damping = 0.0
joint_constraints/y/angular_equilibrium_point = 0.0
joint_constraints/z/linear_limit_enabled = true
joint_constraints/z/linear_limit_upper = 0.0
joint_constraints/z/linear_limit_lower = 0.0
joint_constraints/z/linear_limit_softness = 0.01
joint_constraints/z/linear_spring_enabled = false
joint_constraints/z/linear_spring_stiffness = 0.0
joint_constraints/z/linear_spring_damping = 0.0
joint_constraints/z/linear_equilibrium_point = 0.0
joint_constraints/z/linear_restitution = 0.01
joint_constraints/z/linear_damping = 1.0
joint_constraints/z/angular_limit_enabled = true
joint_constraints/z/angular_limit_upper = 0.0
joint_constraints/z/angular_limit_lower = 0.0
joint_constraints/z/angular_limit_softness = 0.01
joint_constraints/z/angular_restitution = 0.0
joint_constraints/z/angular_damping = 1.0
joint_constraints/z/erp = 0.5
joint_constraints/z/angular_spring_enabled = false
joint_constraints/z/angular_spring_stiffness = 0.0
joint_constraints/z/angular_spring_damping = 0.0
joint_constraints/z/angular_equilibrium_point = 0.0

[node name="CollisionShape3D" type="CollisionShape3D" parent="EnemyModel/RootNode/CharacterArmature/Skeleton3D/PhysicalBoneSimulator3D/Physical Bone Hips" unique_id=281931351]
transform = Transform3D(1, 0, 0, 0, 0, 1, 0, -1, 0, 0, 0, 0)
shape = SubResource("CapsuleShape3D_2yjbs")

[node name="Physical Bone Abdomen" type="PhysicalBone3D" parent="EnemyModel/RootNode/CharacterArmature/Skeleton3D/PhysicalBoneSimulator3D" unique_id=1049350638]
transform = Transform3D(0.9963125, 0.0042632367, 0.085693374, 3.8119033e-06, -0.99876696, 0.049644236, 0.08579936, -0.049460843, -0.995084, -0.055930138, 0.2868888, 1.1443114)
joint_type = 5
joint_offset = Transform3D(1, 0, 0, 0, 1, 0, 0, 0, 1, 0.039748337, 0.0017289072, 0.18300855)
body_offset = Transform3D(0.9963127, 0.0042622006, 0.08569318, 0.08346716, 0.18312632, -0.97953975, -0.019867674, 0.9830802, 0.18209529, -0.055291723, 0.17562985, -0.03423494)
linear_damp = 1.0
angular_damp = 1.0
bone_name = "Abdomen"
joint_constraints/x/linear_limit_enabled = true
joint_constraints/x/linear_limit_upper = 0.0
joint_constraints/x/linear_limit_lower = 0.0
joint_constraints/x/linear_limit_softness = 0.01
joint_constraints/x/linear_spring_enabled = false
joint_constraints/x/linear_spring_stiffness = 0.0
joint_constraints/x/linear_spring_damping = 0.0
joint_constraints/x/linear_equilibrium_point = 0.0
joint_constraints/x/linear_restitution = 0.01
joint_constraints/x/linear_damping = 1.0
joint_constraints/x/angular_limit_enabled = true
joint_constraints/x/angular_limit_upper = 0.0
joint_constraints/x/angular_limit_lower = 0.0
joint_constraints/x/angular_limit_softness = 0.01
joint_constraints/x/angular_restitution = 0.0
joint_constraints/x/angular_damping = 1.0
joint_constraints/x/erp = 0.5
joint_constraints/x/angular_spring_enabled = false
joint_constraints/x/angular_spring_stiffness = 0.0
joint_constraints/x/angular_spring_damping = 0.0
joint_constraints/x/angular_equilibrium_point = 0.0
joint_constraints/y/linear_limit_enabled = true
joint_constraints/y/linear_limit_upper = 0.0
joint_constraints/y/linear_limit_lower = 0.0
joint_constraints/y/linear_limit_softness = 0.01
joint_constraints/y/linear_spring_enabled = false
joint_constraints/y/linear_spring_stiffness = 0.0
joint_constraints/y/linear_spring_damping = 0.0
joint_constraints/y/linear_equilibrium_point = 0.0
joint_constraints/y/linear_restitution = 0.01
joint_constraints/y/linear_damping = 1.0
joint_constraints/y/angular_limit_enabled = true
joint_constraints/y/angular_limit_upper = 0.0
joint_constraints/y/angular_limit_lower = 0.0
joint_constraints/y/angular_limit_softness = 0.01
joint_constraints/y/angular_restitution = 0.0
joint_constraints/y/angular_damping = 1.0
joint_constraints/y/erp = 0.5
joint_constraints/y/angular_spring_enabled = false
joint_constraints/y/angular_spring_stiffness = 0.0
joint_constraints/y/angular_spring_damping = 0.0
joint_constraints/y/angular_equilibrium_point = 0.0
joint_constraints/z/linear_limit_enabled = true
joint_constraints/z/linear_limit_upper = 0.0
joint_constraints/z/linear_limit_lower = 0.0
joint_constraints/z/linear_limit_softness = 0.01
joint_constraints/z/linear_spring_enabled = false
joint_constraints/z/linear_spring_stiffness = 0.0
joint_constraints/z/linear_spring_damping = 0.0
joint_constraints/z/linear_equilibrium_point = 0.0
joint_constraints/z/linear_restitution = 0.01
joint_constraints/z/linear_damping = 1.0
joint_constraints/z/angular_limit_enabled = true
joint_constraints/z/angular_limit_upper = 0.0
joint_constraints/z/angular_limit_lower = 0.0
joint_constraints/z/angular_limit_softness = 0.01
joint_constraints/z/angular_restitution = 0.0
joint_constraints/z/angular_damping = 1.0
joint_constraints/z/erp = 0.5
joint_constraints/z/angular_spring_enabled = false
joint_constraints/z/angular_spring_stiffness = 0.0
joint_constraints/z/angular_spring_damping = 0.0
joint_constraints/z/angular_equilibrium_point = 0.0

[node name="CollisionShape3D" type="CollisionShape3D" parent="EnemyModel/RootNode/CharacterArmature/Skeleton3D/PhysicalBoneSimulator3D/Physical Bone Abdomen" unique_id=288327993]
transform = Transform3D(1, 0, 0, 0, 0, 1, 0, -1, 0, 0, 0, 0)
shape = SubResource("CapsuleShape3D_m7tq7")

[node name="Physical Bone Torso" type="PhysicalBone3D" parent="EnemyModel/RootNode/CharacterArmature/Skeleton3D/PhysicalBoneSimulator3D" unique_id=2137984085]
transform = Transform3D(0.9963113, 0.0033267746, 0.0857483, 0.013936512, -0.99225515, -0.123432115, 0.08467356, 0.124171846, -0.9886414, -0.093033336, 0.31971306, 1.5639219)
joint_type = 5
joint_offset = Transform3D(1, 0, 0, 0, 1, 0, 0, 0, 1, 0.06466235, 0.055933673, 0.3240301)
body_offset = Transform3D(0.99631137, 0.0033273734, 0.08574842, 0.0838733, 0.17349568, -0.9812567, -0.018141985, 0.98482895, 0.1725766, -0.09239502, 0.30282903, -0.10983202)
linear_damp = 1.0
angular_damp = 1.0
bone_name = "Torso"
joint_constraints/x/linear_limit_enabled = true
joint_constraints/x/linear_limit_upper = 0.0
joint_constraints/x/linear_limit_lower = 0.0
joint_constraints/x/linear_limit_softness = 0.01
joint_constraints/x/linear_spring_enabled = false
joint_constraints/x/linear_spring_stiffness = 0.0
joint_constraints/x/linear_spring_damping = 0.0
joint_constraints/x/linear_equilibrium_point = 0.0
joint_constraints/x/linear_restitution = 0.01
joint_constraints/x/linear_damping = 1.0
joint_constraints/x/angular_limit_enabled = true
joint_constraints/x/angular_limit_upper = 0.0
joint_constraints/x/angular_limit_lower = 0.0
joint_constraints/x/angular_limit_softness = 0.01
joint_constraints/x/angular_restitution = 0.0
joint_constraints/x/angular_damping = 1.0
joint_constraints/x/erp = 0.5
joint_constraints/x/angular_spring_enabled = false
joint_constraints/x/angular_spring_stiffness = 0.0
joint_constraints/x/angular_spring_damping = 0.0
joint_constraints/x/angular_equilibrium_point = 0.0
joint_constraints/y/linear_limit_enabled = true
joint_constraints/y/linear_limit_upper = 0.0
joint_constraints/y/linear_limit_lower = 0.0
joint_constraints/y/linear_limit_softness = 0.01
joint_constraints/y/linear_spring_enabled = false
joint_constraints/y/linear_spring_stiffness = 0.0
joint_constraints/y/linear_spring_damping = 0.0
joint_constraints/y/linear_equilibrium_point = 0.0
joint_constraints/y/linear_restitution = 0.01
joint_constraints/y/linear_damping = 1.0
joint_constraints/y/angular_limit_enabled = true
joint_constraints/y/angular_limit_upper = 0.0
joint_constraints/y/angular_limit_lower = 0.0
joint_constraints/y/angular_limit_softness = 0.01
joint_constraints/y/angular_restitution = 0.0
joint_constraints/y/angular_damping = 1.0
joint_constraints/y/erp = 0.5
joint_constraints/y/angular_spring_enabled = false
joint_constraints/y/angular_spring_stiffness = 0.0
joint_constraints/y/angular_spring_damping = 0.0
joint_constraints/y/angular_equilibrium_point = 0.0
joint_constraints/z/linear_limit_enabled = true
joint_constraints/z/linear_limit_upper = 0.0
joint_constraints/z/linear_limit_lower = 0.0
joint_constraints/z/linear_limit_softness = 0.01
joint_constraints/z/linear_spring_enabled = false
joint_constraints/z/linear_spring_stiffness = 0.0
joint_constraints/z/linear_spring_damping = 0.0
joint_constraints/z/linear_equilibrium_point = 0.0
joint_constraints/z/linear_restitution = 0.01
joint_constraints/z/linear_damping = 1.0
joint_constraints/z/angular_limit_enabled = true
joint_constraints/z/angular_limit_upper = 0.0
joint_constraints/z/angular_limit_lower = 0.0
joint_constraints/z/angular_limit_softness = 0.01
joint_constraints/z/angular_restitution = 0.0
joint_constraints/z/angular_damping = 1.0
joint_constraints/z/erp = 0.5
joint_constraints/z/angular_spring_enabled = false
joint_constraints/z/angular_spring_stiffness = 0.0
joint_constraints/z/angular_spring_damping = 0.0
joint_constraints/z/angular_equilibrium_point = 0.0

[node name="CollisionShape3D" type="CollisionShape3D" parent="EnemyModel/RootNode/CharacterArmature/Skeleton3D/PhysicalBoneSimulator3D/Physical Bone Torso" unique_id=617231249]
transform = Transform3D(1, 0, 0, 0, 0, 1, 0, -1, 0, 0, 0, 0)
shape = SubResource("CapsuleShape3D_x2xl1")

[node name="Physical Bone Neck" type="PhysicalBone3D" parent="EnemyModel/RootNode/CharacterArmature/Skeleton3D/PhysicalBoneSimulator3D" unique_id=1346719847]
transform = Transform3D(0.99630976, 0.0030335695, 0.085776776, 0.013944831, -0.99181825, -0.12689473, 0.08469002, 0.1276226, -0.9882004, -0.124524586, 0.3651436, 1.9243666)
joint_type = 5
joint_offset = Transform3D(1, 0, 0, 0, 1, 0, 0, 0, 1, 0.11241704, 0.15422769, 0.1330914)
body_offset = Transform3D(0.9963099, 0.003032132, 0.08577653, 0.08395163, 0.1735138, -0.9812469, -0.017858673, 0.9848268, 0.1726189, -0.12388596, 0.09439731, -0.17285404)
linear_damp = 1.0
angular_damp = 1.0
bone_name = "Neck"
joint_constraints/x/linear_limit_enabled = true
joint_constraints/x/linear_limit_upper = 0.0
joint_constraints/x/linear_limit_lower = 0.0
joint_constraints/x/linear_limit_softness = 0.01
joint_constraints/x/linear_spring_enabled = false
joint_constraints/x/linear_spring_stiffness = 0.0
joint_constraints/x/linear_spring_damping = 0.0
joint_constraints/x/linear_equilibrium_point = 0.0
joint_constraints/x/linear_restitution = 0.01
joint_constraints/x/linear_damping = 1.0
joint_constraints/x/angular_limit_enabled = true
joint_constraints/x/angular_limit_upper = 0.0
joint_constraints/x/angular_limit_lower = 0.0
joint_constraints/x/angular_limit_softness = 0.01
joint_constraints/x/angular_restitution = 0.0
joint_constraints/x/angular_damping = 1.0
joint_constraints/x/erp = 0.5
joint_constraints/x/angular_spring_enabled = false
joint_constraints/x/angular_spring_stiffness = 0.0
joint_constraints/x/angular_spring_damping = 0.0
joint_constraints/x/angular_equilibrium_point = 0.0
joint_constraints/y/linear_limit_enabled = true
joint_constraints/y/linear_limit_upper = 0.0
joint_constraints/y/linear_limit_lower = 0.0
joint_constraints/y/linear_limit_softness = 0.01
joint_constraints/y/linear_spring_enabled = false
joint_constraints/y/linear_spring_stiffness = 0.0
joint_constraints/y/linear_spring_damping = 0.0
joint_constraints/y/linear_equilibrium_point = 0.0
joint_constraints/y/linear_restitution = 0.01
joint_constraints/y/linear_damping = 1.0
joint_constraints/y/angular_limit_enabled = true
joint_constraints/y/angular_limit_upper = 0.0
joint_constraints/y/angular_limit_lower = 0.0
joint_constraints/y/angular_limit_softness = 0.01
joint_constraints/y/angular_restitution = 0.0
joint_constraints/y/angular_damping = 1.0
joint_constraints/y/erp = 0.5
joint_constraints/y/angular_spring_enabled = false
joint_constraints/y/angular_spring_stiffness = 0.0
joint_constraints/y/angular_spring_damping = 0.0
joint_constraints/y/angular_equilibrium_point = 0.0
joint_constraints/z/linear_limit_enabled = true
joint_constraints/z/linear_limit_upper = 0.0
joint_constraints/z/linear_limit_lower = 0.0
joint_constraints/z/linear_limit_softness = 0.01
joint_constraints/z/linear_spring_enabled = false
joint_constraints/z/linear_spring_stiffness = 0.0
joint_constraints/z/linear_spring_damping = 0.0
joint_constraints/z/linear_equilibrium_point = 0.0
joint_constraints/z/linear_restitution = 0.01
joint_constraints/z/linear_damping = 1.0
joint_constraints/z/angular_limit_enabled = true
joint_constraints/z/angular_limit_upper = 0.0
joint_constraints/z/angular_limit_lower = 0.0
joint_constraints/z/angular_limit_softness = 0.01
joint_constraints/z/angular_restitution = 0.0
joint_constraints/z/angular_damping = 1.0
joint_constraints/z/erp = 0.5
joint_constraints/z/angular_spring_enabled = false
joint_constraints/z/angular_spring_stiffness = 0.0
joint_constraints/z/angular_spring_damping = 0.0
joint_constraints/z/angular_equilibrium_point = 0.0

[node name="CollisionShape3D" type="CollisionShape3D" parent="EnemyModel/RootNode/CharacterArmature/Skeleton3D/PhysicalBoneSimulator3D/Physical Bone Neck" unique_id=267397688]
transform = Transform3D(1, 0, 0, 0, 0, 1, 0, -1, 0, 0, 0, 0)
shape = SubResource("CapsuleShape3D_40foh")

[node name="Physical Bone Shoulder_L" type="PhysicalBone3D" parent="EnemyModel/RootNode/CharacterArmature/Skeleton3D/PhysicalBoneSimulator3D" unique_id=1081343819]
transform = Transform3D(0.7088497, 0.21448344, -0.67195916, 0.00620892, -0.954508, -0.2981208, -0.70533234, 0.20715065, -0.6779344, 0.1922401, 0.2613616, 1.6556787)
joint_type = 5
joint_offset = Transform3D(1, 0, 0, 0, 1, 0, 0, 0, 1, 0.091462046, 0.10844639, 0.15444015)
body_offset = Transform3D(0.997948, -0.030951118, 0.056059178, 0.06200906, 0.24857229, -0.9666267, 0.015983393, 0.96811885, 0.24998133, -0.09657562, 0.116657734, -0.14505804)
linear_damp = 1.0
angular_damp = 1.0
bone_name = "Shoulder.L"
joint_constraints/x/linear_limit_enabled = true
joint_constraints/x/linear_limit_upper = 0.0
joint_constraints/x/linear_limit_lower = 0.0
joint_constraints/x/linear_limit_softness = 0.01
joint_constraints/x/linear_spring_enabled = false
joint_constraints/x/linear_spring_stiffness = 0.0
joint_constraints/x/linear_spring_damping = 0.0
joint_constraints/x/linear_equilibrium_point = 0.0
joint_constraints/x/linear_restitution = 0.01
joint_constraints/x/linear_damping = 1.0
joint_constraints/x/angular_limit_enabled = true
joint_constraints/x/angular_limit_upper = 0.0
joint_constraints/x/angular_limit_lower = 0.0
joint_constraints/x/angular_limit_softness = 0.01
joint_constraints/x/angular_restitution = 0.0
joint_constraints/x/angular_damping = 1.0
joint_constraints/x/erp = 0.5
joint_constraints/x/angular_spring_enabled = false
joint_constraints/x/angular_spring_stiffness = 0.0
joint_constraints/x/angular_spring_damping = 0.0
joint_constraints/x/angular_equilibrium_point = 0.0
joint_constraints/y/linear_limit_enabled = true
joint_constraints/y/linear_limit_upper = 0.0
joint_constraints/y/linear_limit_lower = 0.0
joint_constraints/y/linear_limit_softness = 0.01
joint_constraints/y/linear_spring_enabled = false
joint_constraints/y/linear_spring_stiffness = 0.0
joint_constraints/y/linear_spring_damping = 0.0
joint_constraints/y/linear_equilibrium_point = 0.0
joint_constraints/y/linear_restitution = 0.01
joint_constraints/y/linear_damping = 1.0
joint_constraints/y/angular_limit_enabled = true
joint_constraints/y/angular_limit_upper = 0.0
joint_constraints/y/angular_limit_lower = 0.0
joint_constraints/y/angular_limit_softness = 0.01
joint_constraints/y/angular_restitution = 0.0
joint_constraints/y/angular_damping = 1.0
joint_constraints/y/erp = 0.5
joint_constraints/y/angular_spring_enabled = false
joint_constraints/y/angular_spring_stiffness = 0.0
joint_constraints/y/angular_spring_damping = 0.0
joint_constraints/y/angular_equilibrium_point = 0.0
joint_constraints/z/linear_limit_enabled = true
joint_constraints/z/linear_limit_upper = 0.0
joint_constraints/z/linear_limit_lower = 0.0
joint_constraints/z/linear_limit_softness = 0.01
joint_constraints/z/linear_spring_enabled = false
joint_constraints/z/linear_spring_stiffness = 0.0
joint_constraints/z/linear_spring_damping = 0.0
joint_constraints/z/linear_equilibrium_point = 0.0
joint_constraints/z/linear_restitution = 0.01
joint_constraints/z/linear_damping = 1.0
joint_constraints/z/angular_limit_enabled = true
joint_constraints/z/angular_limit_upper = 0.0
joint_constraints/z/angular_limit_lower = 0.0
joint_constraints/z/angular_limit_softness = 0.01
joint_constraints/z/angular_restitution = 0.0
joint_constraints/z/angular_damping = 1.0
joint_constraints/z/erp = 0.5
joint_constraints/z/angular_spring_enabled = false
joint_constraints/z/angular_spring_stiffness = 0.0
joint_constraints/z/angular_spring_damping = 0.0
joint_constraints/z/angular_equilibrium_point = 0.0

[node name="CollisionShape3D" type="CollisionShape3D" parent="EnemyModel/RootNode/CharacterArmature/Skeleton3D/PhysicalBoneSimulator3D/Physical Bone Shoulder_L" unique_id=1276998896]
transform = Transform3D(1, 0, 0, 0, 0, 1, 0, -1, 0, 0, 0, 0)
shape = SubResource("CapsuleShape3D_hcs40")

[node name="Physical Bone UpperArm_L" type="PhysicalBone3D" parent="EnemyModel/RootNode/CharacterArmature/Skeleton3D/PhysicalBoneSimulator3D" unique_id=549749320]
transform = Transform3D(-0.38987845, 0.10689487, -0.91464114, 0.11075461, 0.9914731, 0.06866363, 0.91418177, -0.07453024, -0.39839306, 0.6632602, 0.2712147, 1.9107773)
joint_type = 5
joint_offset = Transform3D(1, 0, 0, 0, 1, 0, 0, 0, 1, -0.111969665, -0.15847108, 0.3494271)
body_offset = Transform3D(-0.12574367, -0.9759577, -0.17803189, -0.93792176, 0.1754251, -0.2992139, 0.32325152, 0.12935577, -0.93743026, -0.10653138, 0.027334452, 0.38425708)
linear_damp = 1.0
angular_damp = 1.0
bone_name = "UpperArm.L"
joint_constraints/x/linear_limit_enabled = true
joint_constraints/x/linear_limit_upper = 0.0
joint_constraints/x/linear_limit_lower = 0.0
joint_constraints/x/linear_limit_softness = 0.01
joint_constraints/x/linear_spring_enabled = false
joint_constraints/x/linear_spring_stiffness = 0.0
joint_constraints/x/linear_spring_damping = 0.0
joint_constraints/x/linear_equilibrium_point = 0.0
