[gd_scene format=3 uid="uid://dmuihmi77leto"]

[ext_resource type="Script" uid="uid://c1g6v10gllcpb" path="res://game/enemies/enemy_basic.gd" id="1_script"]
[ext_resource type="PackedScene" uid="uid://bstjs0ypcyrsr" path="res://assets/third_party/Ultimate Space Kit-glb/Enemy Large.glb" id="2_model"]

[sub_resource type="CapsuleShape3D" id="CapsuleShape3D_enemy"]
height = 1.8

[node name="EnemyLarge" type="CharacterBody3D" unique_id=1221156552]
script = ExtResource("1_script")

[node name="EnemyModel" parent="." unique_id=1760974431 instance=ExtResource("2_model")]
transform = Transform3D(-1, 0, 8.742278e-08, 0, 1, 0, -8.742278e-08, 0, -1, 0, 0, 0)

[node name="Skeleton3D" parent="EnemyModel/RootNode/CharacterArmature" parent_id_path=PackedInt32Array(1760974431, 128902545) index="0" unique_id=1500329964]
bones/1/position = Vector3(0.0035192033, 0.00072797295, -0.004572572)
bones/1/rotation = Quaternion(6.1839482e-06, 0.68542606, 0.7281423, 1.4477813e-05)
bones/2/position = Vector3(3.4563414e-05, 0.008202857, 0.0024707783)
bones/2/rotation = Quaternion(-0.00051342277, 0.00269969, 2.4635847e-05, 0.99999624)
bones/4/rotation = Quaternion(0.07463382, 4.3665315e-07, 4.6114494e-08, 0.997211)
bones/5/rotation = Quaternion(0.098383404, -0.08139893, 0.042685874, 0.99089503)
bones/6/rotation = Quaternion(0.35323134, -3.0840238e-05, 0.00013831923, 0.935536)
bones/7/rotation = Quaternion(-0.311106, -0.00026214417, 8.535878e-05, 0.95037526)
bones/8/position = Vector3(0.0017888505, 0.0027511658, 0.00054738123)
bones/8/rotation = Quaternion(-0.12417865, -0.055804335, -0.40609172, 0.90363437)
bones/9/rotation = Quaternion(0.095632195, 0.29992753, 0.7054786, -0.63497865)
bones/10/rotation = Quaternion(0.14219359, 0.1969943, -0.25214025, 0.93669605)
bones/18/rotation = Quaternion(0.042253926, 0.025641708, 0.23230468, 0.9713865)
bones/19/rotation = Quaternion(-0.076612115, -0.0015270616, -0.019867497, 0.99686193)
bones/22/position = Vector3(-0.0017881368, 0.0027501988, 0.0005469694)
bones/22/rotation = Quaternion(-0.12417841, 0.055804946, 0.40609175, 0.9036343)
bones/23/rotation = Quaternion(0.3295879, 0.247798, -0.6669486, -0.6206026)
bones/24/rotation = Quaternion(0.15458485, 0.011480085, 0.11845769, 0.98078513)
bones/26/rotation = Quaternion(-0.35208493, 0.039951816, 0.26151597, 0.89780265)
bones/27/rotation = Quaternion(-0.6248764, -0.06210555, -0.061027605, 0.77585304)
bones/29/rotation = Quaternion(-0.51045364, -0.020178646, 0.0861193, 0.855344)
bones/30/rotation = Quaternion(-0.5270993, -0.034914616, 0.07154871, 0.8460663)
bones/32/rotation = Quaternion(-0.3739654, -0.014268737, -0.14329867, 0.9161942)
bones/33/rotation = Quaternion(-0.63640666, -0.026933443, 0.16093624, 0.75389713)
bones/35/rotation = Quaternion(-0.6859432, -0.1690326, -0.2709852, 0.6538173)
bones/36/position = Vector3(0.0033952384, 1.1797171e-05, -0.0015161458)
bones/36/rotation = Quaternion(0.96423626, 0.012803663, 0.0013254536, -0.26473185)
bones/36/scale = Vector3(0.99997604, 1.0000008, 0.9999156)
bones/37/rotation = Quaternion(0.09267387, 0.0019846573, 0.010409428, 0.99564016)
bones/37/scale = Vector3(1.0000081, 1.0000007, 1.0000272)
bones/38/position = Vector3(-0.003412068, 1.1797206e-05, -0.0015161505)
bones/38/rotation = Quaternion(0.8765634, -0.012144655, 0.0011486395, 0.48113182)
bones/39/rotation = Quaternion(0.31928858, -0.0043265778, -0.009673329, 0.9475984)
bones/39/scale = Vector3(1.0000081, 1.00002, 1.0000134)
bones/41/position = Vector3(-0.003492979, 0.0011403547, 0.0062626307)
bones/41/rotation = Quaternion(-1.1985978e-05, 0.8794672, 0.4759596, -1.0865162e-05)

[node name="Foot_L" parent="EnemyModel/RootNode/CharacterArmature/Skeleton3D" index="0" unique_id=168585143]
transform = Transform3D(-1, -1.2130573e-05, 2.8881323e-05, 1.0364523e-05, -0.9981754, -0.06038195, 2.9561084e-05, -0.06038201, 0.9981754, 0.0035060865, 0.0069269687, 0.0007038176)

[node name="Head" parent="EnemyModel/RootNode/CharacterArmature/Skeleton3D" index="1" unique_id=940060741]
transform = Transform3D(0.9838969, -0.11242228, -0.13895297, -0.168144, -0.3185297, -0.93288064, 0.06061591, 0.9412222, -0.33230358, -0.00091054605, -0.00087427767, 0.019191911)

[node name="Pinky3_L" parent="EnemyModel/RootNode/CharacterArmature/Skeleton3D" index="2" unique_id=1814802058]
transform = Transform3D(-0.8464427, 0.44238675, -0.2963584, 0.02552313, -0.5222158, -0.8524315, -0.5318674, -0.72909814, 0.43073452, 0.010614498, -0.009542894, 0.0058116)

[node name="Middle3_L" parent="EnemyModel/RootNode/CharacterArmature/Skeleton3D" index="3" unique_id=835987857]
transform = Transform3D(-0.91475165, 0.15508515, -0.3730655, 0.21111104, -0.6038238, -0.7686541, -0.34447262, -0.7818857, 0.51960844, 0.009125247, -0.009627964, 0.004742542)

[node name="Index3_L" parent="EnemyModel/RootNode/CharacterArmature/Skeleton3D" index="4" unique_id=948545457]
transform = Transform3D(-0.92121387, -0.06589167, -0.38343585, 0.34357053, -0.60021013, -0.72229314, -0.18254897, -0.79712355, 0.57556003, 0.0073197843, -0.0090159, 0.0046231034)

[node name="Thumb2_L" parent="EnemyModel/RootNode/CharacterArmature/Skeleton3D" index="5" unique_id=1147988840]
transform = Transform3D(-0.5489904, -0.74268854, -0.38343596, 0.6793934, -0.12929682, -0.72229326, 0.4868618, -0.6570356, 0.5755601, 0.0062101083, -0.0066225906, 0.006415574)

[node name="Pinky3_R" parent="EnemyModel/RootNode/CharacterArmature/Skeleton3D" index="6" unique_id=1658660068]
transform = Transform3D(-0.7290917, 0.6791992, 0.08434053, 0.48719352, 0.42848966, 0.76094604, 0.48069444, 0.5958898, -0.64330983, -0.008100542, 0.013014258, 0.00510904)

[node name="Middle3_R" parent="EnemyModel/RootNode/CharacterArmature/Skeleton3D" index="7" unique_id=1382767144]
transform = Transform3D(-0.6867122, 0.61541426, 0.3868993, 0.68286115, 0.3636275, 0.6336208, 0.24925205, 0.69931364, -0.6699499, -0.0068649254, 0.0126194805, 0.0042232275)

[node name="Index3_R" parent="EnemyModel/RootNode/CharacterArmature/Skeleton3D" index="8" unique_id=1229040248]
transform = Transform3D(-0.6461251, 0.5314266, 0.5478208, 0.7605774, 0.38851747, 0.52016956, 0.063593835, 0.75275457, -0.65522194, -0.005652878, 0.01155247, 0.0035902879)

[node name="Thumb2_R" parent="EnemyModel/RootNode/CharacterArmature/Skeleton3D" index="9" unique_id=1080645840]
transform = Transform3D(-0.6401628, 0.29348415, 0.70997065, 0.06502873, 0.9415372, -0.33057326, -0.7654819, -0.16545221, -0.621822, -0.0047702445, 0.009344343, 0.0054066377)

[node name="LowerLeg_L" parent="EnemyModel/RootNode/CharacterArmature/Skeleton3D" index="10" unique_id=9895504]
transform = Transform3D(0.9999593, 0.00029165566, -0.0070441854, 0.005102186, 0.6597402, 0.75141454, 0.0048659, -0.7514921, 0.6597105, 0.0035043224, 0.0035727196, 0.0045538307)

[node name="LowerLeg_R" parent="EnemyModel/RootNode/CharacterArmature/Skeleton3D" index="11" unique_id=1993847249]
transform = Transform3D(0.999873, -0.0061939335, -0.013568423, 0.01057106, -0.3475606, 0.9375825, -0.010523076, -0.9376224, -0.3473921, -0.0034740523, -0.0021866332, 0.00592376)

[node name="Foot_R" parent="EnemyModel/RootNode/CharacterArmature/Skeleton3D" index="13" unique_id=1951396258]
transform = Transform3D(-0.9999999, -1.0340593e-05, -3.0781586e-05, -8.178271e-06, -0.8371814, 0.5469251, -3.1425294e-05, 0.54692525, 0.8371814, -0.0035060907, -0.0039082356, 0.001116203)

[node name="CollisionShape3D" type="CollisionShape3D" parent="." unique_id=875321237]
transform = Transform3D(1, 0, 0, 0, 1, 0, 0, 0, 1, 0, 0.9, 0)
shape = SubResource("CapsuleShape3D_enemy")

[editable path="EnemyModel"]
