[gd_scene format=3 uid="uid://bkq5padckuq73"]

[ext_resource type="Script" uid="uid://c1g6v10gllcpb" path="res://game/enemies/enemy_basic.gd" id="1_le8aq"]
[ext_resource type="PackedScene" uid="uid://chliyextkyh72" path="res://assets/third_party/Ultimate Space Kit-glb/Astronaut-0D54W8yfrA.glb" id="2_8lm3d"]

[sub_resource type="CapsuleShape3D" id="CapsuleShape3D_4lji1"]

[node name="EnemyAstronaut" type="CharacterBody3D" unique_id=1330989009]
script = ExtResource("1_le8aq")
role = 1
detection_radius = 30.0
move_speed = 9.0

[node name="CollisionShape3D" type="CollisionShape3D" parent="." unique_id=217705764]
transform = Transform3D(1, 0, 0, 0, 1, 0, 0, 0, 1, 0, 1.1570644, 0)
shape = SubResource("CapsuleShape3D_4lji1")

[node name="EnemyModel" parent="." unique_id=1666102026 instance=ExtResource("2_8lm3d")]

[node name="CharacterArmature" parent="EnemyModel/RootNode" parent_id_path=PackedInt32Array(1666102026, 1918199589) index="0" unique_id=1648939241]
transform = Transform3D(-99.99433, -1.0648727, -1.2694272e-07, 1.146735e-13, -1.192093e-05, 100, -1.0648727, 99.99433, 1.1920255e-05, 0, 0, 0)

[node name="Skeleton3D" parent="EnemyModel/RootNode/CharacterArmature" index="0" unique_id=527001140]
bones/2/position = Vector3(2.1529802e-05, 0.008374705, 0.0016757363)
bones/2/rotation = Quaternion(-3.552703e-15, 1.1920933e-07, 5.94e-43, 1)
bones/4/rotation = Quaternion(0.1668315, 4.3189974e-07, 1.0312022e-07, 0.98598546)
bones/5/rotation = Quaternion(-0.005369791, -8.323206e-07, -1.2004758e-09, 0.99998564)
bones/7/rotation = Quaternion(0.015637029, -0.0002757991, -4.290335e-06, 0.99987775)
bones/8/position = Vector3(0.0017719389, 0.0025824648, 0.000999903)
bones/8/rotation = Quaternion(-0.04222674, 0.0089714015, -0.41033655, 0.9109118)
bones/9/rotation = Quaternion(0.5204657, 0.503343, 0.48082265, -0.49454114)
bones/10/rotation = Quaternion(0.022454055, 0.26599234, -0.20974971, 0.94061095)
bones/18/rotation = Quaternion(0.04225395, 0.025641711, 0.23230468, 0.9713865)
bones/19/rotation = Quaternion(-0.076612115, -0.0015270268, -0.019867515, 0.99686193)
bones/22/position = Vector3(-0.0017591701, 0.0025824648, 0.0009999048)
bones/22/rotation = Quaternion(-0.042226493, -0.008970842, 0.4103367, 0.9109118)
bones/23/rotation = Quaternion(0.5204658, -0.5033429, -0.48082268, -0.49454105)
bones/24/rotation = Quaternion(0.02245411, -0.26599246, 0.20974979, 0.94061095)
bones/32/rotation = Quaternion(0.042253986, -0.025641752, -0.23230468, 0.9713865)
bones/33/rotation = Quaternion(-0.07661222, 0.0015270492, 0.019867556, 0.9968619)
bones/36/rotation = Quaternion(0.9650399, 0.008727484, 0.002116871, 0.26194933)
bones/37/rotation = Quaternion(0.5170186, 0.0063197985, 0.008505981, 0.85590863)
bones/38/rotation = Quaternion(0.9650399, -0.00872758, -0.0021160014, 0.26194924)
bones/39/rotation = Quaternion(0.5170186, -0.00631982, -0.008506015, 0.85590863)

[node name="Head" parent="EnemyModel/RootNode/CharacterArmature/Skeleton3D" index="1" unique_id=1940677687]
transform = Transform3D(0.99999976, 2.5334401e-11, -0.00055020297, -0.00053299975, -0.24810567, -0.9687327, -0.00013650855, 0.96873254, -0.24810569, -6.383769e-06, 0.00064619444, 0.019665768)

[node name="Pinky3_L" parent="EnemyModel/RootNode/CharacterArmature/Skeleton3D" index="2" unique_id=1157338304]
transform = Transform3D(-0.37107083, 0.53634244, 0.7580523, -0.8434091, 0.14690965, -0.5167959, -0.38854483, -0.8311162, 0.39784196, 0.015113898, 0.0014369956, 0.0041722693)

[node name="Middle3_L" parent="EnemyModel/RootNode/CharacterArmature/Skeleton3D" index="3" unique_id=1556756857]
transform = Transform3D(-0.5421584, 0.511832, 0.66640276, -0.82127625, -0.155077, -0.54905015, -0.17767763, -0.84497285, 0.50443137, 0.014564951, -0.00010725162, 0.0033464695)

[node name="Index3_L" parent="EnemyModel/RootNode/CharacterArmature/Skeleton3D" index="4" unique_id=1922168365]
transform = Transform3D(-0.6467091, 0.43423158, 0.6270648, -0.76271224, -0.3616117, -0.53619623, -0.0060793753, -0.82503283, 0.5650513, 0.01338649, -0.0015947171, 0.0035638632)

[node name="Thumb2_L" parent="EnemyModel/RootNode/CharacterArmature/Skeleton3D" index="5" unique_id=1555276644]
transform = Transform3D(-0.7504258, -0.20892824, 0.62706494, -0.2212632, -0.8145771, -0.5361963, 0.62281907, -0.54112184, 0.5650514, 0.01102253, -0.0015967154, 0.005704873)

[node name="Pinky3_R" parent="EnemyModel/RootNode/CharacterArmature/Skeleton3D" index="6" unique_id=997001016]
transform = Transform3D(-0.37107095, -0.5363423, -0.75805223, 0.8434091, 0.14690936, -0.51679605, 0.3885443, -0.8311163, 0.39784205, -0.015113886, 0.0014369942, 0.0041722674)

[node name="Middle1_R" parent="EnemyModel/RootNode/CharacterArmature/Skeleton3D" index="7" unique_id=238673552]
transform = Transform3D(-0.55730194, -0.610984, -0.56223905, 0.81543964, -0.27516782, -0.50925493, 0.1564365, -0.74228066, 0.65157205, -0.012383866, 0.0007702592, 0.0063223266)

[node name="Middle3_R" parent="EnemyModel/RootNode/CharacterArmature/Skeleton3D" index="8" unique_id=1835241740]
transform = Transform3D(-0.5421585, -0.5118312, -0.6664029, 0.8212763, -0.15507707, -0.5490502, 0.17767724, -0.84497285, 0.5044311, -0.014564937, -0.00010725108, 0.0033464665)

[node name="Index3_R" parent="EnemyModel/RootNode/CharacterArmature/Skeleton3D" index="9" unique_id=1039072451]
transform = Transform3D(-0.64670914, -0.43423113, -0.62706476, 0.7627123, -0.36161196, -0.53619623, 0.006078962, -0.8250329, 0.565051, -0.013386479, -0.0015947184, 0.0035638628)

[node name="Thumb2_R" parent="EnemyModel/RootNode/CharacterArmature/Skeleton3D" index="10" unique_id=2104488141]
transform = Transform3D(-0.75042534, 0.20892847, -0.62706476, 0.22126298, -0.81457716, -0.53619623, -0.62281924, -0.5411215, 0.5650512, -0.011022517, -0.0015967162, 0.005704873)

[node name="LowerLeg_L" parent="EnemyModel/RootNode/CharacterArmature/Skeleton3D" index="11" unique_id=1571709662]
transform = Transform3D(0.9999127, 0.006959535, 0.009713115, -0.011924191, 0.5284051, 0.84886, 0.0007748483, -0.8489511, 0.5284793, 0.0034701668, 5.7632336e-05, 0.004716219)

[node name="LowerLeg_R" parent="EnemyModel/RootNode/CharacterArmature/Skeleton3D" index="12" unique_id=923833346]
transform = Transform3D(0.9999127, -0.0069591156, -0.009713074, 0.011923936, 0.5284054, 0.84886044, -0.0007745046, -0.84895116, 0.5284797, -0.0034701673, 5.7633035e-05, 0.0047162184)

[node name="AnimationPlayer" parent="EnemyModel" index="1" unique_id=950139358]
speed_scale = 2.71

[editable path="EnemyModel"]
