[gd_scene format=3 uid="uid://bkq5padckuq73"]

[ext_resource type="Script" uid="uid://c1g6v10gllcpb" path="res://game/enemies/enemy_basic.gd" id="1_le8aq"]
[ext_resource type="PackedScene" uid="uid://chliyextkyh72" path="res://assets/third_party/Ultimate Space Kit-glb/Astronaut-0D54W8yfrA.glb" id="2_8lm3d"]
[ext_resource type="AudioStream" uid="uid://vxssn3j0hf3d" path="res://assets/sounds/frog_sound.mp3" id="3_8lm3d"]
[ext_resource type="AudioStream" uid="uid://jwd28qgt3j6g" path="res://assets/sounds/frog_sound_2.mp3" id="4_2yjbs"]
[ext_resource type="AudioStream" uid="uid://catlpu74f266a" path="res://assets/sounds/footstep_grass_000.ogg" id="5_hcs40"]
[ext_resource type="AudioStream" uid="uid://ce8pnrrda1e40" path="res://assets/sounds/footstep_grass_001.ogg" id="6_2e5qg"]
[ext_resource type="AudioStream" uid="uid://kul4htdef6ci" path="res://assets/sounds/footstep_grass_002.ogg" id="7_y78n5"]
[ext_resource type="AudioStream" uid="uid://dk702p0sawpdg" path="res://assets/sounds/footstep_grass_003.ogg" id="8_ah6y7"]
[ext_resource type="AudioStream" uid="uid://cdx1u5y2pbb1j" path="res://assets/sounds/impactPunch_heavy_000.ogg" id="9_5u8p5"]
[ext_resource type="AudioStream" uid="uid://c71v31gljafa7" path="res://assets/sounds/impactPunch_heavy_001.ogg" id="10_h7ksf"]
[ext_resource type="AudioStream" uid="uid://cn647gl85buyt" path="res://assets/sounds/impactPunch_heavy_002.ogg" id="11_um86q"]
[ext_resource type="AudioStream" uid="uid://bjbff5y606l7m" path="res://assets/sounds/impactPunch_heavy_003.ogg" id="12_d8xg8"]

[sub_resource type="CapsuleShape3D" id="CapsuleShape3D_4lji1"]

[sub_resource type="CapsuleShape3D" id="CapsuleShape3D_le8aq"]
radius = 0.035745952
height = 0.35745952

[sub_resource type="CapsuleShape3D" id="CapsuleShape3D_8lm3d"]
radius = 0.026654795
height = 0.26654795

[sub_resource type="CapsuleShape3D" id="CapsuleShape3D_2yjbs"]
radius = 0.03143381
height = 0.3143381

[sub_resource type="CapsuleShape3D" id="CapsuleShape3D_m7tq7"]
radius = 0.029857855
height = 0.29857856

[sub_resource type="CapsuleShape3D" id="CapsuleShape3D_x2xl1"]
radius = 0.05667612
height = 0.5667612

[sub_resource type="CapsuleShape3D" id="CapsuleShape3D_40foh"]
radius = 0.01617239
height = 0.16172391

[sub_resource type="CapsuleShape3D" id="CapsuleShape3D_hcs40"]
radius = 0.025953168
height = 0.25953168

[sub_resource type="CapsuleShape3D" id="CapsuleShape3D_2e5qg"]
radius = 0.083890125
height = 0.8389013

[sub_resource type="CapsuleShape3D" id="CapsuleShape3D_y78n5"]
radius = 0.053405404
height = 0.53405404

[sub_resource type="CapsuleShape3D" id="CapsuleShape3D_ah6y7"]
radius = 0.025953153
height = 0.25953153

[sub_resource type="CapsuleShape3D" id="CapsuleShape3D_5u8p5"]
radius = 0.083890095
height = 0.838901

[sub_resource type="CapsuleShape3D" id="CapsuleShape3D_h7ksf"]
radius = 0.053405385
height = 0.53405386

[sub_resource type="CapsuleShape3D" id="CapsuleShape3D_um86q"]
radius = 0.042269118
height = 0.42269117

[sub_resource type="CapsuleShape3D" id="CapsuleShape3D_d8xg8"]
radius = 0.042269103
height = 0.42269105

[sub_resource type="AudioStreamRandomizer" id="AudioStreamRandomizer_yg1hw"]
random_pitch = 1.2599211
streams_count = 2
stream_0/stream = ExtResource("3_8lm3d")
stream_1/stream = ExtResource("4_2yjbs")

[sub_resource type="AudioStreamRandomizer" id="AudioStreamRandomizer_2yjbs"]
random_pitch = 1.1892071
streams_count = 4
stream_0/stream = ExtResource("5_hcs40")
stream_1/stream = ExtResource("6_2e5qg")
stream_2/stream = ExtResource("7_y78n5")
stream_3/stream = ExtResource("8_ah6y7")

[sub_resource type="AudioStreamRandomizer" id="AudioStreamRandomizer_hcs40"]
random_pitch = 1.1892071
random_volume_offset_db = 2.0
streams_count = 4
stream_0/stream = ExtResource("9_5u8p5")
stream_1/stream = ExtResource("10_h7ksf")
stream_2/stream = ExtResource("11_um86q")
stream_3/stream = ExtResource("12_d8xg8")

[node name="EnemyAstronaut" type="CharacterBody3D" unique_id=1330989009]
script = ExtResource("1_le8aq")
role = 1
detection_radius = 30.0
fov_angle_degrees = 180.0
proximity_detection_radius = 8.0
attack_damage = 1
move_speed = 9.0

[node name="CollisionShape3D" type="CollisionShape3D" parent="." unique_id=217705764]
transform = Transform3D(1, 0, 0, 0, 1, 0, 0, 0, 1, 0, 1.1570644, 0)
shape = SubResource("CapsuleShape3D_4lji1")

[node name="EnemyModel" parent="." unique_id=1666102026 instance=ExtResource("2_8lm3d")]

[node name="CharacterArmature" parent="EnemyModel/RootNode" parent_id_path=PackedInt32Array(1666102026, 1910059509) index="0" unique_id=845805179]
transform = Transform3D(-0.9999433, -0.010648677, -4.6546847e-10, 0, -4.371139e-08, 1, -0.010648677, 0.9999433, 4.3708912e-08, 0, 0, 0)

[node name="Skeleton3D" parent="EnemyModel/RootNode/CharacterArmature" index="0" unique_id=1778028881]
bones/2/position = Vector3(0.002425646, 0.8382949, 0.16937953)
bones/2/rotation = Quaternion(0.00032857392, 0.0030238803, -3.472516e-05, 0.99999535)
bones/4/rotation = Quaternion(0.16566952, 4.299608e-07, 9.3909115e-08, 0.9861814)
bones/5/rotation = Quaternion(-0.005651094, -8.321355e-07, 5.7974364e-10, 0.9999841)
bones/7/rotation = Quaternion(0.01615594, -0.00027576546, -4.7219237e-06, 0.99986947)
bones/8/position = Vector3(0.17731547, 0.25824648, 0.09997821)
bones/8/rotation = Quaternion(-0.042461146, 0.009496613, -0.41038302, 0.9108747)
bones/9/rotation = Quaternion(0.5219387, 0.50338775, 0.47695258, -0.49668613)
bones/10/rotation = Quaternion(0.022994108, 0.2637764, -0.21077557, 0.94099253)
bones/18/rotation = Quaternion(0.04225395, 0.025641711, 0.23230468, 0.9713865)
bones/19/rotation = Quaternion(-0.076612115, -0.0015270268, -0.019867515, 0.99686193)
bones/22/position = Vector3(-0.17603861, 0.25824648, 0.099978365)
bones/22/rotation = Quaternion(-0.04246089, -0.009496056, 0.41038305, 0.91087466)
bones/23/rotation = Quaternion(0.5127989, -0.5071285, -0.48624778, -0.4933772)
bones/24/rotation = Quaternion(0.022665614, -0.26357654, 0.20660834, 0.94198024)
bones/26/rotation = Quaternion(-0.35208496, 0.03995185, 0.261516, 0.8978026)
bones/27/rotation = Quaternion(-0.6248764, -0.062105622, -0.06102759, 0.7758531)
bones/29/rotation = Quaternion(-0.51045364, -0.020178568, 0.0861193, 0.85534406)
bones/30/rotation = Quaternion(-0.52709943, -0.034914587, 0.071548775, 0.8460662)
bones/32/rotation = Quaternion(-0.37396538, -0.014268747, -0.14329869, 0.9161942)
bones/33/rotation = Quaternion(-0.63640666, -0.026933443, 0.1609362, 0.75389713)
bones/35/rotation = Quaternion(-0.68594307, -0.1690326, -0.2709852, 0.65381736)
bones/36/rotation = Quaternion(0.96529335, 0.008427128, 0.005016152, 0.26098394)
bones/37/rotation = Quaternion(0.5154531, 0.006304238, 0.00851752, 0.8568523)
bones/38/rotation = Quaternion(0.96215296, -0.00906541, 0.00076073006, 0.2723579)
bones/39/rotation = Quaternion(0.5175411, -0.006325012, -0.008502155, 0.8555927)
bones/41/position = Vector3(-0.34929648, 0.04375004, -0.025011512)

[node name="Foot_L" parent="EnemyModel/RootNode/CharacterArmature/Skeleton3D" index="0" unique_id=1148763957]
transform = Transform3D(-1, -4.632946e-08, 3.3529657e-05, -7.686566e-08, -0.9999932, -0.0036742091, 3.352959e-05, -0.0036741495, 0.9999932, 0.350608, 0.2804951, 0.041173443)

[node name="Head" parent="EnemyModel/RootNode/CharacterArmature/Skeleton3D" index="1" unique_id=2109138117]
transform = Transform3D(0.99998474, 0.0015592182, 0.005293457, 0.00551455, -0.24691476, -0.9690215, -0.00020388329, 0.9690356, -0.24691968, -0.00028184472, 0.06482077, 1.9680284)

[node name="Pinky3_L" parent="EnemyModel/RootNode/CharacterArmature/Skeleton3D" index="2" unique_id=2083260786]
transform = Transform3D(-0.3554739, 0.53870934, 0.7638263, -0.85036266, 0.15281044, -0.50352, -0.38797167, -0.8285175, 0.40377796, 1.5175126, 0.1616645, 0.42544752)

[node name="Middle3_L" parent="EnemyModel/RootNode/CharacterArmature/Skeleton3D" index="3" unique_id=999318437]
transform = Transform3D(-0.5280951, 0.51905024, 0.67208827, -0.8302882, -0.14956734, -0.5368907, -0.1781509, -0.841556, 0.50994676, 1.4655373, 0.006137642, 0.34304684)

[node name="Index3_L" parent="EnemyModel/RootNode/CharacterArmature/Skeleton3D" index="4" unique_id=1596555822]
transform = Transform3D(-0.6345391, 0.44460803, 0.63220555, -0.7728561, -0.35724062, -0.52447367, -0.0073357206, -0.82140267, 0.5703012, 1.3499321, -0.14438574, 0.36458775)

[node name="Thumb2_L" parent="EnemyModel/RootNode/CharacterArmature/Skeleton3D" index="5" unique_id=40001493]
transform = Transform3D(-0.75039476, -0.19293524, 0.6322056, -0.23118019, -0.819441, -0.5244737, 0.6192444, -0.53971577, 0.57030123, 1.1123457, -0.14766346, 0.577342)

[node name="Pinky3_R" parent="EnemyModel/RootNode/CharacterArmature/Skeleton3D" index="6" unique_id=1720893030]
transform = Transform3D(-0.49251893, 0.8288052, -0.26553094, 0.8590225, 0.5119177, 0.004500568, 0.13966003, -0.22588043, -0.9640917, -1.4479207, 0.118436836, 0.39221242)

[node name="Middle1_R" parent="EnemyModel/RootNode/CharacterArmature/Skeleton3D" index="7" unique_id=1564250580]
transform = Transform3D(-0.56911844, -0.6102544, -0.5510836, 0.8080767, -0.2911748, -0.5120832, 0.15203935, -0.73675394, 0.65884525, -1.2431922, 0.046812877, 0.6367011)

[node name="Middle3_R" parent="EnemyModel/RootNode/CharacterArmature/Skeleton3D" index="8" unique_id=443960801]
transform = Transform3D(-0.5704358, 0.82131743, 0.006317526, 0.8072107, 0.56202555, -0.18038279, -0.15170212, -0.097797096, -0.9835757, -1.3712406, -0.0046012383, 0.331761)

[node name="Index3_R" parent="EnemyModel/RootNode/CharacterArmature/Skeleton3D" index="9" unique_id=1258829506]
transform = Transform3D(-0.6201257, 0.7664677, 0.16724432, 0.71299565, 0.6395698, -0.28737974, -0.32723182, -0.058967054, -0.9431021, -1.2800192, -0.15201071, 0.33732903)

[node name="Thumb2_R" parent="EnemyModel/RootNode/CharacterArmature/Skeleton3D" index="10" unique_id=30908796]
transform = Transform3D(-0.90913606, 0.11142686, 0.4013165, -0.3275637, 0.40382665, -0.85418123, -0.25724116, -0.90802395, -0.33063415, -1.1037036, -0.18828923, 0.57636154)

[node name="LowerLeg_L" parent="EnemyModel/RootNode/CharacterArmature/Skeleton3D" index="11" unique_id=1157110322]
transform = Transform3D(0.99991536, 0.00749208, 0.009019857, -0.011615574, 0.52760226, 0.8493634, 0.0016042545, -0.84944606, 0.527682, 0.34674716, 0.006997183, 0.4719515)

[node name="LowerLeg_R" parent="EnemyModel/RootNode/CharacterArmature/Skeleton3D" index="12" unique_id=828756262]
transform = Transform3D(0.9999069, -0.0065178615, -0.010580704, 0.012426059, 0.511513, 0.8591385, -0.00018718815, -0.85923827, 0.5115844, -0.3472377, -0.005720228, 0.47713038)

[node name="PoleTarget_L" parent="EnemyModel/RootNode/CharacterArmature/Skeleton3D" index="13" unique_id=1302793036]
transform = Transform3D(1, -7.1054274e-14, 7.152558e-07, 7.1525574e-07, 3.5762787e-07, -1, -1.8474117e-13, 1, 3.5762787e-07, 0.34717786, -1.6221495, 0.59993386)

[node name="Foot_R" parent="EnemyModel/RootNode/CharacterArmature/Skeleton3D" index="14" unique_id=749778877]
transform = Transform3D(-1, -4.633128e-08, -3.3529996e-05, 1.6952703e-07, -0.9999932, -0.0036742091, -3.3529588e-05, -0.0036741495, 0.9999932, -0.35060796, 0.2604509, 0.04133466)

[node name="PoleTarget_R" parent="EnemyModel/RootNode/CharacterArmature/Skeleton3D" index="15" unique_id=422142684]
transform = Transform3D(1, -7.105428e-14, -7.1525596e-07, -7.152558e-07, 3.5762787e-07, -1, 3.2684963e-13, 1, 3.5762787e-07, -0.34717786, -1.6221495, 0.59993386)

[node name="PhysicalBoneSimulator3D" type="PhysicalBoneSimulator3D" parent="EnemyModel/RootNode/CharacterArmature/Skeleton3D" index="17" unique_id=1402323206]

[node name="Physical Bone Root" type="PhysicalBone3D" parent="EnemyModel/RootNode/CharacterArmature/Skeleton3D/PhysicalBoneSimulator3D" unique_id=1400829401]
transform = Transform3D(0.12699102, -0.12096445, -0.9845004, -0.9919039, -0.015486444, -0.1260432, 3.3680396e-07, 0.99253607, -0.121951744, 0.17468747, 0.25796598, 0.019379037)
joint_type = 5
joint_offset = Transform3D(1, 0, 0, 0, 1, 0, 0, 0, 1, -6.22496e-06, 6.7346555e-06, 0.17876817)
body_offset = Transform3D(0.12699056, -0.12096446, -0.9845005, -1.7928528e-08, 0.9925362, -0.1219518, 0.99190414, 0.015486743, 0.12604271, 0.17599896, 0.021794416, -0.022526354)
linear_damp = 1.0
angular_damp = 1.0
bone_name = "Root"
joint_constraints/x/linear_limit_enabled = true
joint_constraints/x/linear_limit_upper = 0.0
joint_constraints/x/linear_limit_lower = 0.0
joint_constraints/x/linear_limit_softness = 0.01
joint_constraints/x/linear_spring_enabled = false
joint_constraints/x/linear_spring_stiffness = 0.0
joint_constraints/x/linear_spring_damping = 0.0
joint_constraints/x/linear_equilibrium_point = 0.0
joint_constraints/x/linear_restitution = 0.01
joint_constraints/x/linear_damping = 1.0
joint_constraints/x/angular_limit_enabled = true
joint_constraints/x/angular_limit_upper = 0.0
joint_constraints/x/angular_limit_lower = 0.0
joint_constraints/x/angular_limit_softness = 0.01
joint_constraints/x/angular_restitution = 0.0
joint_constraints/x/angular_damping = 1.0
joint_constraints/x/erp = 0.5
joint_constraints/x/angular_spring_enabled = false
joint_constraints/x/angular_spring_stiffness = 0.0
joint_constraints/x/angular_spring_damping = 0.0
joint_constraints/x/angular_equilibrium_point = 0.0
joint_constraints/y/linear_limit_enabled = true
joint_constraints/y/linear_limit_upper = 0.0
joint_constraints/y/linear_limit_lower = 0.0
joint_constraints/y/linear_limit_softness = 0.01
joint_constraints/y/linear_spring_enabled = false
joint_constraints/y/linear_spring_stiffness = 0.0
joint_constraints/y/linear_spring_damping = 0.0
joint_constraints/y/linear_equilibrium_point = 0.0
joint_constraints/y/linear_restitution = 0.01
joint_constraints/y/linear_damping = 1.0
joint_constraints/y/angular_limit_enabled = true
joint_constraints/y/angular_limit_upper = 0.0
joint_constraints/y/angular_limit_lower = 0.0
joint_constraints/y/angular_limit_softness = 0.01
joint_constraints/y/angular_restitution = 0.0
joint_constraints/y/angular_damping = 1.0
joint_constraints/y/erp = 0.5
joint_constraints/y/angular_spring_enabled = false
joint_constraints/y/angular_spring_stiffness = 0.0
joint_constraints/y/angular_spring_damping = 0.0
joint_constraints/y/angular_equilibrium_point = 0.0
joint_constraints/z/linear_limit_enabled = true
joint_constraints/z/linear_limit_upper = 0.0
joint_constraints/z/linear_limit_lower = 0.0
joint_constraints/z/linear_limit_softness = 0.01
joint_constraints/z/linear_spring_enabled = false
joint_constraints/z/linear_spring_stiffness = 0.0
joint_constraints/z/linear_spring_damping = 0.0
joint_constraints/z/linear_equilibrium_point = 0.0
joint_constraints/z/linear_restitution = 0.01
joint_constraints/z/linear_damping = 1.0
joint_constraints/z/angular_limit_enabled = true
joint_constraints/z/angular_limit_upper = 0.0
joint_constraints/z/angular_limit_lower = 0.0
joint_constraints/z/angular_limit_softness = 0.01
joint_constraints/z/angular_restitution = 0.0
joint_constraints/z/angular_damping = 1.0
joint_constraints/z/erp = 0.5
joint_constraints/z/angular_spring_enabled = false
joint_constraints/z/angular_spring_stiffness = 0.0
joint_constraints/z/angular_spring_damping = 0.0
joint_constraints/z/angular_equilibrium_point = 0.0

[node name="CollisionShape3D" type="CollisionShape3D" parent="EnemyModel/RootNode/CharacterArmature/Skeleton3D/PhysicalBoneSimulator3D/Physical Bone Root" unique_id=698806190]
transform = Transform3D(1, 0, 0, 0, 0, 1, 0, -1, 0, 0, 0, 0)
shape = SubResource("CapsuleShape3D_le8aq")

[node name="Physical Bone Body" type="PhysicalBone3D" parent="EnemyModel/RootNode/CharacterArmature/Skeleton3D/PhysicalBoneSimulator3D" unique_id=400777388]
transform = Transform3D(0.9962264, -0.07183823, -0.048706852, 0.01358642, 0.6833395, -0.7299743, 0.08572338, 0.7265579, 0.6817368, -0.024351068, 0.16326936, 0.78270406)
joint_type = 5
joint_offset = Transform3D(1, 0, 0, 0, 1, 0, 0, 0, 1, 0.02860688, -0.029621113, 0.10597141)
body_offset = Transform3D(0.99628454, -0.06775294, -0.05316701, 0.08578561, 0.7261039, 0.6822125, -0.0076171244, -0.6842386, 0.72921824, -0.024873327, -0.053241074, -0.09732631)
linear_damp = 1.0
angular_damp = 1.0
bone_name = "Body"
joint_constraints/x/linear_limit_enabled = true
joint_constraints/x/linear_limit_upper = 0.0
joint_constraints/x/linear_limit_lower = 0.0
joint_constraints/x/linear_limit_softness = 0.01
joint_constraints/x/linear_spring_enabled = false
joint_constraints/x/linear_spring_stiffness = 0.0
joint_constraints/x/linear_spring_damping = 0.0
joint_constraints/x/linear_equilibrium_point = 0.0
joint_constraints/x/linear_restitution = 0.01
joint_constraints/x/linear_damping = 1.0
joint_constraints/x/angular_limit_enabled = true
joint_constraints/x/angular_limit_upper = 0.0
joint_constraints/x/angular_limit_lower = 0.0
joint_constraints/x/angular_limit_softness = 0.01
joint_constraints/x/angular_restitution = 0.0
joint_constraints/x/angular_damping = 1.0
joint_constraints/x/erp = 0.5
joint_constraints/x/angular_spring_enabled = false
joint_constraints/x/angular_spring_stiffness = 0.0
joint_constraints/x/angular_spring_damping = 0.0
joint_constraints/x/angular_equilibrium_point = 0.0
joint_constraints/y/linear_limit_enabled = true
joint_constraints/y/linear_limit_upper = 0.0
joint_constraints/y/linear_limit_lower = 0.0
joint_constraints/y/linear_limit_softness = 0.01
joint_constraints/y/linear_spring_enabled = false
joint_constraints/y/linear_spring_stiffness = 0.0
joint_constraints/y/linear_spring_damping = 0.0
joint_constraints/y/linear_equilibrium_point = 0.0
joint_constraints/y/linear_restitution = 0.01
joint_constraints/y/linear_damping = 1.0
joint_constraints/y/angular_limit_enabled = true
joint_constraints/y/angular_limit_upper = 0.0
joint_constraints/y/angular_limit_lower = 0.0
joint_constraints/y/angular_limit_softness = 0.01
joint_constraints/y/angular_restitution = 0.0
joint_constraints/y/angular_damping = 1.0
joint_constraints/y/erp = 0.5
joint_constraints/y/angular_spring_enabled = false
joint_constraints/y/angular_spring_stiffness = 0.0
joint_constraints/y/angular_spring_damping = 0.0
joint_constraints/y/angular_equilibrium_point = 0.0
joint_constraints/z/linear_limit_enabled = true
joint_constraints/z/linear_limit_upper = 0.0
joint_constraints/z/linear_limit_lower = 0.0
joint_constraints/z/linear_limit_softness = 0.01
joint_constraints/z/linear_spring_enabled = false
joint_constraints/z/linear_spring_stiffness = 0.0
joint_constraints/z/linear_spring_damping = 0.0
joint_constraints/z/linear_equilibrium_point = 0.0
joint_constraints/z/linear_restitution = 0.01
joint_constraints/z/linear_damping = 1.0
joint_constraints/z/angular_limit_enabled = true
joint_constraints/z/angular_limit_upper = 0.0
joint_constraints/z/angular_limit_lower = 0.0
joint_constraints/z/angular_limit_softness = 0.01
joint_constraints/z/angular_restitution = 0.0
joint_constraints/z/angular_damping = 1.0
joint_constraints/z/erp = 0.5
joint_constraints/z/angular_spring_enabled = false
joint_constraints/z/angular_spring_stiffness = 0.0
joint_constraints/z/angular_spring_damping = 0.0
joint_constraints/z/angular_equilibrium_point = 0.0

[node name="CollisionShape3D" type="CollisionShape3D" parent="EnemyModel/RootNode/CharacterArmature/Skeleton3D/PhysicalBoneSimulator3D/Physical Bone Body" unique_id=755059825]
transform = Transform3D(1, 0, 0, 0, 0, 1, 0, -1, 0, 0, 0, 0)
shape = SubResource("CapsuleShape3D_8lm3d")

[node name="Physical Bone Hips" type="PhysicalBone3D" parent="EnemyModel/RootNode/CharacterArmature/Skeleton3D/PhysicalBoneSimulator3D" unique_id=358793603]
transform = Transform3D(0.99629563, -0.002679021, 0.085953735, 0.005970219, -0.9949482, -0.10021192, 0.085788, 0.100353844, -0.99124646, -0.030675897, 0.2762962, 0.8408886)
joint_type = 5
joint_offset = Transform3D(1, 0, 0, 0, 1, 0, 0, 0, 1, 0.012866577, -0.0033123211, 0.18955703)
body_offset = Transform3D(0.9963078, -0.00870289, 0.085413, 0.0854128, -0.00039804727, -0.9963456, 0.008705083, 0.99996203, 0.00034676492, -0.029038537, 0.18776405, 0.0031344593)
linear_damp = 1.0
angular_damp = 1.0
bone_name = "Hips"
joint_constraints/x/linear_limit_enabled = true
joint_constraints/x/linear_limit_upper = 0.0
joint_constraints/x/linear_limit_lower = 0.0
joint_constraints/x/linear_limit_softness = 0.01
joint_constraints/x/linear_spring_enabled = false
joint_constraints/x/linear_spring_stiffness = 0.0
joint_constraints/x/linear_spring_damping = 0.0
joint_constraints/x/linear_equilibrium_point = 0.0
joint_constraints/x/linear_restitution = 0.01
joint_constraints/x/linear_damping = 1.0
joint_constraints/x/angular_limit_enabled = true
joint_constraints/x/angular_limit_upper = 0.0
joint_constraints/x/angular_limit_lower = 0.0
joint_constraints/x/angular_limit_softness = 0.01
joint_constraints/x/angular_restitution = 0.0
joint_constraints/x/angular_damping = 1.0
joint_constraints/x/erp = 0.5
joint_constraints/x/angular_spring_enabled = false
joint_constraints/x/angular_spring_stiffness = 0.0
joint_constraints/x/angular_spring_damping = 0.0
joint_constraints/x/angular_equilibrium_point = 0.0
joint_constraints/y/linear_limit_enabled = true
joint_constraints/y/linear_limit_upper = 0.0
joint_constraints/y/linear_limit_lower = 0.0
joint_constraints/y/linear_limit_softness = 0.01
joint_constraints/y/linear_spring_enabled = false
joint_constraints/y/linear_spring_stiffness = 0.0
joint_constraints/y/linear_spring_damping = 0.0
joint_constraints/y/linear_equilibrium_point = 0.0
joint_constraints/y/linear_restitution = 0.01
joint_constraints/y/linear_damping = 1.0
joint_constraints/y/angular_limit_enabled = true
joint_constraints/y/angular_limit_upper = 0.0
joint_constraints/y/angular_limit_lower = 0.0
joint_constraints/y/angular_limit_softness = 0.01
joint_constraints/y/angular_restitution = 0.0
joint_constraints/y/angular_damping = 1.0
joint_constraints/y/erp = 0.5
joint_constraints/y/angular_spring_enabled = false
joint_constraints/y/angular_spring_stiffness = 0.0
joint_constraints/y/angular_spring_damping = 0.0
joint_constraints/y/angular_equilibrium_point = 0.0
joint_constraints/z/linear_limit_enabled = true
joint_constraints/z/linear_limit_upper = 0.0
joint_constraints/z/linear_limit_lower = 0.0
joint_constraints/z/linear_limit_softness = 0.01
joint_constraints/z/linear_spring_enabled = false
joint_constraints/z/linear_spring_stiffness = 0.0
joint_constraints/z/linear_spring_damping = 0.0
joint_constraints/z/linear_equilibrium_point = 0.0
joint_constraints/z/linear_restitution = 0.01
joint_constraints/z/linear_damping = 1.0
joint_constraints/z/angular_limit_enabled = true
joint_constraints/z/angular_limit_upper = 0.0
joint_constraints/z/angular_limit_lower = 0.0
joint_constraints/z/angular_limit_softness = 0.01
joint_constraints/z/angular_restitution = 0.0
joint_constraints/z/angular_damping = 1.0
joint_constraints/z/erp = 0.5
joint_constraints/z/angular_spring_enabled = false
joint_constraints/z/angular_spring_stiffness = 0.0
joint_constraints/z/angular_spring_damping = 0.0
joint_constraints/z/angular_equilibrium_point = 0.0

[node name="CollisionShape3D" type="CollisionShape3D" parent="EnemyModel/RootNode/CharacterArmature/Skeleton3D/PhysicalBoneSimulator3D/Physical Bone Hips" unique_id=281931351]
transform = Transform3D(1, 0, 0, 0, 0, 1, 0, -1, 0, 0, 0, 0)
shape = SubResource("CapsuleShape3D_2yjbs")

[node name="Physical Bone Abdomen" type="PhysicalBone3D" parent="EnemyModel/RootNode/CharacterArmature/Skeleton3D/PhysicalBoneSimulator3D" unique_id=1049350638]
transform = Transform3D(0.99629915, 0.010300501, 0.08533507, 0.006174853, -0.9988056, 0.048470084, 0.08573241, -0.04776377, -0.9951727, -0.05696111, 0.2849536, 1.1453011)
joint_type = 5
joint_offset = Transform3D(1, 0, 0, 0, 1, 0, 0, 0, 1, 0.03974793, 0.0017287917, 0.18300888)
body_offset = Transform3D(0.99631244, 0.004262206, 0.08569358, 0.08346755, 0.1831263, -0.9795397, -0.019867752, 0.9830801, 0.18209523, -0.055291414, 0.17563021, -0.03423488)
linear_damp = 1.0
angular_damp = 1.0
bone_name = "Abdomen"
joint_constraints/x/linear_limit_enabled = true
joint_constraints/x/linear_limit_upper = 0.0
joint_constraints/x/linear_limit_lower = 0.0
joint_constraints/x/linear_limit_softness = 0.01
joint_constraints/x/linear_spring_enabled = false
joint_constraints/x/linear_spring_stiffness = 0.0
joint_constraints/x/linear_spring_damping = 0.0
joint_constraints/x/linear_equilibrium_point = 0.0
joint_constraints/x/linear_restitution = 0.01
joint_constraints/x/linear_damping = 1.0
joint_constraints/x/angular_limit_enabled = true
joint_constraints/x/angular_limit_upper = 0.0
joint_constraints/x/angular_limit_lower = 0.0
joint_constraints/x/angular_limit_softness = 0.01
joint_constraints/x/angular_restitution = 0.0
joint_constraints/x/angular_damping = 1.0
joint_constraints/x/erp = 0.5
joint_constraints/x/angular_spring_enabled = false
joint_constraints/x/angular_spring_stiffness = 0.0
joint_constraints/x/angular_spring_damping = 0.0
joint_constraints/x/angular_equilibrium_point = 0.0
joint_constraints/y/linear_limit_enabled = true
joint_constraints/y/linear_limit_upper = 0.0
joint_constraints/y/linear_limit_lower = 0.0
joint_constraints/y/linear_limit_softness = 0.01
joint_constraints/y/linear_spring_enabled = false
joint_constraints/y/linear_spring_stiffness = 0.0
joint_constraints/y/linear_spring_damping = 0.0
joint_constraints/y/linear_equilibrium_point = 0.0
joint_constraints/y/linear_restitution = 0.01
joint_constraints/y/linear_damping = 1.0
joint_constraints/y/angular_limit_enabled = true
joint_constraints/y/angular_limit_upper = 0.0
joint_constraints/y/angular_limit_lower = 0.0
joint_constraints/y/angular_limit_softness = 0.01
joint_constraints/y/angular_restitution = 0.0
joint_constraints/y/angular_damping = 1.0
joint_constraints/y/erp = 0.5
joint_constraints/y/angular_spring_enabled = false
joint_constraints/y/angular_spring_stiffness = 0.0
joint_constraints/y/angular_spring_damping = 0.0
joint_constraints/y/angular_equilibrium_point = 0.0
joint_constraints/z/linear_limit_enabled = true
joint_constraints/z/linear_limit_upper = 0.0
joint_constraints/z/linear_limit_lower = 0.0
joint_constraints/z/linear_limit_softness = 0.01
joint_constraints/z/linear_spring_enabled = false
joint_constraints/z/linear_spring_stiffness = 0.0
joint_constraints/z/linear_spring_damping = 0.0
joint_constraints/z/linear_equilibrium_point = 0.0
joint_constraints/z/linear_restitution = 0.01
joint_constraints/z/linear_damping = 1.0
joint_constraints/z/angular_limit_enabled = true
joint_constraints/z/angular_limit_upper = 0.0
joint_constraints/z/angular_limit_lower = 0.0
joint_constraints/z/angular_limit_softness = 0.01
joint_constraints/z/angular_restitution = 0.0
joint_constraints/z/angular_damping = 1.0
joint_constraints/z/erp = 0.5
joint_constraints/z/angular_spring_enabled = false
joint_constraints/z/angular_spring_stiffness = 0.0
joint_constraints/z/angular_spring_damping = 0.0
joint_constraints/z/angular_equilibrium_point = 0.0

[node name="CollisionShape3D" type="CollisionShape3D" parent="EnemyModel/RootNode/CharacterArmature/Skeleton3D/PhysicalBoneSimulator3D/Physical Bone Abdomen" unique_id=288327993]
transform = Transform3D(1, 0, 0, 0, 0, 1, 0, -1, 0, 0, 0, 0)
shape = SubResource("CapsuleShape3D_m7tq7")

[node name="Physical Bone Torso" type="PhysicalBone3D" parent="EnemyModel/RootNode/CharacterArmature/Skeleton3D/PhysicalBoneSimulator3D" unique_id=2137984085]
transform = Transform3D(0.99630266, 0.009364286, 0.08540171, 0.0053697308, -0.9988859, 0.04688403, 0.085745595, -0.0462521, -0.9952429, -0.0939097, 0.2640408, 1.5766147)
joint_type = 5
joint_offset = Transform3D(1, 0, 0, 0, 1, 0, 0, 0, 1, 0.064661555, 0.055933803, 0.32403007)
body_offset = Transform3D(0.9963113, 0.003327058, 0.08575095, 0.08387588, 0.17349517, -0.9812567, -0.01814207, 0.9848292, 0.17257607, -0.09239502, 0.3028289, -0.10983199)
linear_damp = 1.0
angular_damp = 1.0
bone_name = "Torso"
joint_constraints/x/linear_limit_enabled = true
joint_constraints/x/linear_limit_upper = 0.0
joint_constraints/x/linear_limit_lower = 0.0
joint_constraints/x/linear_limit_softness = 0.01
joint_constraints/x/linear_spring_enabled = false
joint_constraints/x/linear_spring_stiffness = 0.0
joint_constraints/x/linear_spring_damping = 0.0
joint_constraints/x/linear_equilibrium_point = 0.0
joint_constraints/x/linear_restitution = 0.01
joint_constraints/x/linear_damping = 1.0
joint_constraints/x/angular_limit_enabled = true
joint_constraints/x/angular_limit_upper = 0.0
joint_constraints/x/angular_limit_lower = 0.0
joint_constraints/x/angular_limit_softness = 0.01
joint_constraints/x/angular_restitution = 0.0
joint_constraints/x/angular_damping = 1.0
joint_constraints/x/erp = 0.5
joint_constraints/x/angular_spring_enabled = false
joint_constraints/x/angular_spring_stiffness = 0.0
joint_constraints/x/angular_spring_damping = 0.0
joint_constraints/x/angular_equilibrium_point = 0.0
joint_constraints/y/linear_limit_enabled = true
joint_constraints/y/linear_limit_upper = 0.0
joint_constraints/y/linear_limit_lower = 0.0
joint_constraints/y/linear_limit_softness = 0.01
joint_constraints/y/linear_spring_enabled = false
joint_constraints/y/linear_spring_stiffness = 0.0
joint_constraints/y/linear_spring_damping = 0.0
joint_constraints/y/linear_equilibrium_point = 0.0
joint_constraints/y/linear_restitution = 0.01
joint_constraints/y/linear_damping = 1.0
joint_constraints/y/angular_limit_enabled = true
joint_constraints/y/angular_limit_upper = 0.0
joint_constraints/y/angular_limit_lower = 0.0
joint_constraints/y/angular_limit_softness = 0.01
joint_constraints/y/angular_restitution = 0.0
joint_constraints/y/angular_damping = 1.0
joint_constraints/y/erp = 0.5
joint_constraints/y/angular_spring_enabled = false
joint_constraints/y/angular_spring_stiffness = 0.0
joint_constraints/y/angular_spring_damping = 0.0
joint_constraints/y/angular_equilibrium_point = 0.0
joint_constraints/z/linear_limit_enabled = true
joint_constraints/z/linear_limit_upper = 0.0
joint_constraints/z/linear_limit_lower = 0.0
joint_constraints/z/linear_limit_softness = 0.01
joint_constraints/z/linear_spring_enabled = false
joint_constraints/z/linear_spring_stiffness = 0.0
joint_constraints/z/linear_spring_damping = 0.0
joint_constraints/z/linear_equilibrium_point = 0.0
joint_constraints/z/linear_restitution = 0.01
joint_constraints/z/linear_damping = 1.0
joint_constraints/z/angular_limit_enabled = true
joint_constraints/z/angular_limit_upper = 0.0
joint_constraints/z/angular_limit_lower = 0.0
joint_constraints/z/angular_limit_softness = 0.01
joint_constraints/z/angular_restitution = 0.0
joint_constraints/z/angular_damping = 1.0
joint_constraints/z/erp = 0.5
joint_constraints/z/angular_spring_enabled = false
joint_constraints/z/angular_spring_stiffness = 0.0
joint_constraints/z/angular_spring_damping = 0.0
joint_constraints/z/angular_equilibrium_point = 0.0

[node name="CollisionShape3D" type="CollisionShape3D" parent="EnemyModel/RootNode/CharacterArmature/Skeleton3D/PhysicalBoneSimulator3D/Physical Bone Torso" unique_id=617231249]
transform = Transform3D(1, 0, 0, 0, 0, 1, 0, -1, 0, 0, 0, 0)
shape = SubResource("CapsuleShape3D_x2xl1")

[node name="Physical Bone Neck" type="PhysicalBone3D" parent="EnemyModel/RootNode/CharacterArmature/Skeleton3D/PhysicalBoneSimulator3D" unique_id=1346719847]
transform = Transform3D(0.99630135, 0.009072471, 0.08544826, 0.0053755147, -0.9990435, 0.04339657, 0.085760236, -0.04277673, -0.99539715, -0.12513573, 0.24731418, 1.9388578)
joint_type = 5
joint_offset = Transform3D(1, 0, 0, 0, 1, 0, 0, 0, 1, 0.11233587, 0.15414244, 0.13240358)
body_offset = Transform3D(0.99630994, 0.003032022, 0.08577606, 0.08395119, 0.1735138, -0.981247, -0.017858483, 0.98482674, 0.17261887, -0.123745754, 0.09374404, -0.17265278)
linear_damp = 1.0
angular_damp = 1.0
bone_name = "Neck"
joint_constraints/x/linear_limit_enabled = true
joint_constraints/x/linear_limit_upper = 0.0
joint_constraints/x/linear_limit_lower = 0.0
joint_constraints/x/linear_limit_softness = 0.01
joint_constraints/x/linear_spring_enabled = false
joint_constraints/x/linear_spring_stiffness = 0.0
joint_constraints/x/linear_spring_damping = 0.0
joint_constraints/x/linear_equilibrium_point = 0.0
joint_constraints/x/linear_restitution = 0.01
joint_constraints/x/linear_damping = 1.0
joint_constraints/x/angular_limit_enabled = true
joint_constraints/x/angular_limit_upper = 0.0
joint_constraints/x/angular_limit_lower = 0.0
joint_constraints/x/angular_limit_softness = 0.01
joint_constraints/x/angular_restitution = 0.0
joint_constraints/x/angular_damping = 1.0
joint_constraints/x/erp = 0.5
joint_constraints/x/angular_spring_enabled = false
joint_constraints/x/angular_spring_stiffness = 0.0
joint_constraints/x/angular_spring_damping = 0.0
joint_constraints/x/angular_equilibrium_point = 0.0
joint_constraints/y/linear_limit_enabled = true
joint_constraints/y/linear_limit_upper = 0.0
joint_constraints/y/linear_limit_lower = 0.0
joint_constraints/y/linear_limit_softness = 0.01
joint_constraints/y/linear_spring_enabled = false
joint_constraints/y/linear_spring_stiffness = 0.0
joint_constraints/y/linear_spring_damping = 0.0
joint_constraints/y/linear_equilibrium_point = 0.0
joint_constraints/y/linear_restitution = 0.01
joint_constraints/y/linear_damping = 1.0
joint_constraints/y/angular_limit_enabled = true
joint_constraints/y/angular_limit_upper = 0.0
joint_constraints/y/angular_limit_lower = 0.0
joint_constraints/y/angular_limit_softness = 0.01
joint_constraints/y/angular_restitution = 0.0
joint_constraints/y/angular_damping = 1.0
joint_constraints/y/erp = 0.5
joint_constraints/y/angular_spring_enabled = false
joint_constraints/y/angular_spring_stiffness = 0.0
joint_constraints/y/angular_spring_damping = 0.0
joint_constraints/y/angular_equilibrium_point = 0.0
joint_constraints/z/linear_limit_enabled = true
joint_constraints/z/linear_limit_upper = 0.0
joint_constraints/z/linear_limit_lower = 0.0
joint_constraints/z/linear_limit_softness = 0.01
joint_constraints/z/linear_spring_enabled = false
joint_constraints/z/linear_spring_stiffness = 0.0
joint_constraints/z/linear_spring_damping = 0.0
joint_constraints/z/linear_equilibrium_point = 0.0
joint_constraints/z/linear_restitution = 0.01
joint_constraints/z/linear_damping = 1.0
joint_constraints/z/angular_limit_enabled = true
joint_constraints/z/angular_limit_upper = 0.0
joint_constraints/z/angular_limit_lower = 0.0
joint_constraints/z/angular_limit_softness = 0.01
joint_constraints/z/angular_restitution = 0.0
joint_constraints/z/angular_damping = 1.0
joint_constraints/z/erp = 0.5
joint_constraints/z/angular_spring_enabled = false
joint_constraints/z/angular_spring_stiffness = 0.0
joint_constraints/z/angular_spring_damping = 0.0
joint_constraints/z/angular_equilibrium_point = 0.0

[node name="CollisionShape3D" type="CollisionShape3D" parent="EnemyModel/RootNode/CharacterArmature/Skeleton3D/PhysicalBoneSimulator3D/Physical Bone Neck" unique_id=267397688]
transform = Transform3D(1, 0, 0, 0, 0, 1, 0, -1, 0, 0, 0, 0)
shape = SubResource("CapsuleShape3D_40foh")

[node name="Physical Bone Shoulder_L" type="PhysicalBone3D" parent="EnemyModel/RootNode/CharacterArmature/Skeleton3D/PhysicalBoneSimulator3D" unique_id=1081343819]
transform = Transform3D(0.70794284, 0.22152594, -0.67062896, 0.13111244, -0.9742531, -0.18341322, -0.69399315, 0.041918278, -0.7187604, 0.1917696, 0.19268292, 1.6571112)
joint_type = 5
joint_offset = Transform3D(1, 0, 0, 0, 1, 0, 0, 0, 1, 0.09146366, 0.10843123, 0.15444043)
body_offset = Transform3D(0.9979486, -0.030917376, 0.05606516, 0.062006228, 0.24857418, -0.96662635, 0.015949197, 0.9681193, 0.24998116, -0.09658235, 0.11666167, -0.14504033)
linear_damp = 1.0
angular_damp = 1.0
bone_name = "Shoulder.L"
joint_constraints/x/linear_limit_enabled = true
joint_constraints/x/linear_limit_upper = 0.0
joint_constraints/x/linear_limit_lower = 0.0
joint_constraints/x/linear_limit_softness = 0.01
joint_constraints/x/linear_spring_enabled = false
joint_constraints/x/linear_spring_stiffness = 0.0
joint_constraints/x/linear_spring_damping = 0.0
joint_constraints/x/linear_equilibrium_point = 0.0
joint_constraints/x/linear_restitution = 0.01
joint_constraints/x/linear_damping = 1.0
joint_constraints/x/angular_limit_enabled = true
joint_constraints/x/angular_limit_upper = 0.0
joint_constraints/x/angular_limit_lower = 0.0
joint_constraints/x/angular_limit_softness = 0.01
joint_constraints/x/angular_restitution = 0.0
joint_constraints/x/angular_damping = 1.0
joint_constraints/x/erp = 0.5
joint_constraints/x/angular_spring_enabled = false
joint_constraints/x/angular_spring_stiffness = 0.0
joint_constraints/x/angular_spring_damping = 0.0
joint_constraints/x/angular_equilibrium_point = 0.0
joint_constraints/y/linear_limit_enabled = true
joint_constraints/y/linear_limit_upper = 0.0
joint_constraints/y/linear_limit_lower = 0.0
joint_constraints/y/linear_limit_softness = 0.01
joint_constraints/y/linear_spring_enabled = false
joint_constraints/y/linear_spring_stiffness = 0.0
joint_constraints/y/linear_spring_damping = 0.0
joint_constraints/y/linear_equilibrium_point = 0.0
joint_constraints/y/linear_restitution = 0.01
joint_constraints/y/linear_damping = 1.0
joint_constraints/y/angular_limit_enabled = true
joint_constraints/y/angular_limit_upper = 0.0
joint_constraints/y/angular_limit_lower = 0.0
joint_constraints/y/angular_limit_softness = 0.01
joint_constraints/y/angular_restitution = 0.0
joint_constraints/y/angular_damping = 1.0
joint_constraints/y/erp = 0.5
joint_constraints/y/angular_spring_enabled = false
joint_constraints/y/angular_spring_stiffness = 0.0
joint_constraints/y/angular_spring_damping = 0.0
joint_constraints/y/angular_equilibrium_point = 0.0
joint_constraints/z/linear_limit_enabled = true
joint_constraints/z/linear_limit_upper = 0.0
joint_constraints/z/linear_limit_lower = 0.0
joint_constraints/z/linear_limit_softness = 0.01
joint_constraints/z/linear_spring_enabled = false
joint_constraints/z/linear_spring_stiffness = 0.0
joint_constraints/z/linear_spring_damping = 0.0
joint_constraints/z/linear_equilibrium_point = 0.0
joint_constraints/z/linear_restitution = 0.01
joint_constraints/z/linear_damping = 1.0
joint_constraints/z/angular_limit_enabled = true
joint_constraints/z/angular_limit_upper = 0.0
joint_constraints/z/angular_limit_lower = 0.0
joint_constraints/z/angular_limit_softness = 0.01
joint_constraints/z/angular_restitution = 0.0
joint_constraints/z/angular_damping = 1.0
joint_constraints/z/erp = 0.5
joint_constraints/z/angular_spring_enabled = false
joint_constraints/z/angular_spring_stiffness = 0.0
joint_constraints/z/angular_spring_damping = 0.0
joint_constraints/z/angular_equilibrium_point = 0.0

[node name="CollisionShape3D" type="CollisionShape3D" parent="EnemyModel/RootNode/CharacterArmature/Skeleton3D/PhysicalBoneSimulator3D/Physical Bone Shoulder_L" unique_id=1276998896]
transform = Transform3D(1, 0, 0, 0, 0, 1, 0, -1, 0, 0, 0, 0)
shape = SubResource("CapsuleShape3D_hcs40")

[node name="Physical Bone UpperArm_L" type="PhysicalBone3D" parent="EnemyModel/RootNode/CharacterArmature/Skeleton3D/PhysicalBoneSimulator3D" unique_id=549749320]
transform = Transform3D(-0.39408794, 0.0926527, -0.9143907, -0.055124443, 0.9907317, 0.12414589, 0.9174181, 0.09932967, -0.38532794, 0.6609611, 0.16342989, 1.9121357)
joint_type = 5
joint_offset = Transform3D(1, 0, 0, 0, 1, 0, 0, 0, 1, -0.11197119, -0.15847063, 0.3494254)
body_offset = Transform3D(-0.12574366, -0.9759573, -0.17803329, -0.93792164, 0.17542532, -0.29921374, 0.32325143, 0.12935698, -0.9374301, -0.106530875, 0.027332425, 0.384256)
linear_damp = 1.0
angular_damp = 1.0
bone_name = "UpperArm.L"
joint_constraints/x/linear_limit_enabled = true
joint_constraints/x/linear_limit_upper = 0.0
joint_constraints/x/linear_limit_lower = 0.0
joint_constraints/x/linear_limit_softness = 0.01
joint_constraints/x/linear_spring_enabled = false
joint_constraints/x/linear_spring_stiffness = 0.0
joint_constraints/x/linear_spring_damping = 0.0
