[gd_scene format=3 uid="uid://bkq5padckuq73"]

[ext_resource type="Script" uid="uid://c1g6v10gllcpb" path="res://game/enemies/enemy_basic.gd" id="1_le8aq"]
[ext_resource type="PackedScene" uid="uid://chliyextkyh72" path="res://assets/third_party/Ultimate Space Kit-glb/Astronaut-0D54W8yfrA.glb" id="2_8lm3d"]
[ext_resource type="AudioStream" uid="uid://vxssn3j0hf3d" path="res://assets/sounds/frog_sound.mp3" id="3_8lm3d"]
[ext_resource type="AudioStream" uid="uid://jwd28qgt3j6g" path="res://assets/sounds/frog_sound_2.mp3" id="4_2yjbs"]
[ext_resource type="AudioStream" uid="uid://catlpu74f266a" path="res://assets/sounds/footstep_grass_000.ogg" id="5_hcs40"]
[ext_resource type="AudioStream" uid="uid://ce8pnrrda1e40" path="res://assets/sounds/footstep_grass_001.ogg" id="6_2e5qg"]
[ext_resource type="AudioStream" uid="uid://kul4htdef6ci" path="res://assets/sounds/footstep_grass_002.ogg" id="7_y78n5"]
[ext_resource type="AudioStream" uid="uid://dk702p0sawpdg" path="res://assets/sounds/footstep_grass_003.ogg" id="8_ah6y7"]
[ext_resource type="AudioStream" uid="uid://cdx1u5y2pbb1j" path="res://assets/sounds/impactPunch_heavy_000.ogg" id="9_5u8p5"]
[ext_resource type="AudioStream" uid="uid://c71v31gljafa7" path="res://assets/sounds/impactPunch_heavy_001.ogg" id="10_h7ksf"]
[ext_resource type="AudioStream" uid="uid://cn647gl85buyt" path="res://assets/sounds/impactPunch_heavy_002.ogg" id="11_um86q"]
[ext_resource type="AudioStream" uid="uid://bjbff5y606l7m" path="res://assets/sounds/impactPunch_heavy_003.ogg" id="12_d8xg8"]

[sub_resource type="CapsuleShape3D" id="CapsuleShape3D_4lji1"]

[sub_resource type="CapsuleShape3D" id="CapsuleShape3D_le8aq"]
radius = 0.035745952
height = 0.35745952

[sub_resource type="CapsuleShape3D" id="CapsuleShape3D_8lm3d"]
radius = 0.026654795
height = 0.26654795

[sub_resource type="CapsuleShape3D" id="CapsuleShape3D_2yjbs"]
radius = 0.03143381
height = 0.3143381

[sub_resource type="CapsuleShape3D" id="CapsuleShape3D_m7tq7"]
radius = 0.029857855
height = 0.29857856

[sub_resource type="CapsuleShape3D" id="CapsuleShape3D_x2xl1"]
radius = 0.05667612
height = 0.5667612

[sub_resource type="CapsuleShape3D" id="CapsuleShape3D_40foh"]
radius = 0.01617239
height = 0.16172391

[sub_resource type="CapsuleShape3D" id="CapsuleShape3D_hcs40"]
radius = 0.025953168
height = 0.25953168

[sub_resource type="CapsuleShape3D" id="CapsuleShape3D_2e5qg"]
radius = 0.083890125
height = 0.8389013

[sub_resource type="CapsuleShape3D" id="CapsuleShape3D_y78n5"]
radius = 0.053405404
height = 0.53405404

[sub_resource type="CapsuleShape3D" id="CapsuleShape3D_ah6y7"]
radius = 0.025953153
height = 0.25953153

[sub_resource type="CapsuleShape3D" id="CapsuleShape3D_5u8p5"]
radius = 0.083890095
height = 0.838901

[sub_resource type="CapsuleShape3D" id="CapsuleShape3D_h7ksf"]
radius = 0.053405385
height = 0.53405386

[sub_resource type="CapsuleShape3D" id="CapsuleShape3D_um86q"]
radius = 0.042269118
height = 0.42269117

[sub_resource type="CapsuleShape3D" id="CapsuleShape3D_d8xg8"]
radius = 0.042269103
height = 0.42269105

[sub_resource type="AudioStreamRandomizer" id="AudioStreamRandomizer_yg1hw"]
random_pitch = 1.2599211
streams_count = 2
stream_0/stream = ExtResource("3_8lm3d")
stream_1/stream = ExtResource("4_2yjbs")

[sub_resource type="AudioStreamRandomizer" id="AudioStreamRandomizer_2yjbs"]
random_pitch = 1.1892071
streams_count = 4
stream_0/stream = ExtResource("5_hcs40")
stream_1/stream = ExtResource("6_2e5qg")
stream_2/stream = ExtResource("7_y78n5")
stream_3/stream = ExtResource("8_ah6y7")

[sub_resource type="AudioStreamRandomizer" id="AudioStreamRandomizer_hcs40"]
random_pitch = 1.1892071
random_volume_offset_db = 2.0
streams_count = 4
stream_0/stream = ExtResource("9_5u8p5")
stream_1/stream = ExtResource("10_h7ksf")
stream_2/stream = ExtResource("11_um86q")
stream_3/stream = ExtResource("12_d8xg8")

[node name="EnemyAstronaut" type="CharacterBody3D" unique_id=1330989009]
script = ExtResource("1_le8aq")
role = 1
lose_target_radius = 25.0
fov_angle_degrees = 180.0
proximity_detection_radius = 8.0
aim_range = 4.0
shoot_range = 4.0
attack_damage = 15
move_speed = 12.0
social_tag = "astro"
greet_partner_tag = "sproud"

[node name="CollisionShape3D" type="CollisionShape3D" parent="." unique_id=217705764]
transform = Transform3D(1, 0, 0, 0, 1, 0, 0, 0, 1, 0, 1.1570644, 0)
shape = SubResource("CapsuleShape3D_4lji1")

[node name="EnemyModel" parent="." unique_id=1666102026 instance=ExtResource("2_8lm3d")]

[node name="CharacterArmature" parent="EnemyModel/RootNode" parent_id_path=PackedInt32Array(1666102026, 1910059509) index="0" unique_id=845805179]
transform = Transform3D(-0.9999433, -0.010648677, -4.6546847e-10, 0, -4.371139e-08, 1, -0.010648677, 0.9999433, 4.3708912e-08, 0, 0, 0)

[node name="Skeleton3D" parent="EnemyModel/RootNode/CharacterArmature" index="0" unique_id=1778028881]
bones/1/rotation = Quaternion(1.1700295e-05, 0.70580643, 0.70840484, 1.2026702e-05)
bones/2/position = Vector3(0.0021529803, 0.8374705, 0.16757363)
bones/2/rotation = Quaternion(-3.5527033e-15, 1.1920933e-07, 9.0277966e-36, 1)
bones/4/rotation = Quaternion(0.16683148, 4.3189968e-07, 1.0312022e-07, 0.98598546)
bones/5/rotation = Quaternion(-0.0053697904, -8.3232055e-07, -1.2004683e-09, 0.99998564)
bones/6/rotation = Quaternion(-0.0017300574, 1.0356428e-06, -7.517622e-10, 0.9999985)
bones/7/rotation = Quaternion(0.01563703, -0.00027579907, -4.290334e-06, 0.99987775)
bones/8/position = Vector3(0.17719388, 0.25824636, 0.09999031)
bones/8/rotation = Quaternion(-0.04222673, 0.008971402, -0.41033655, 0.9109118)
bones/9/rotation = Quaternion(0.5204656, 0.50334305, 0.48082256, -0.49454117)
bones/10/rotation = Quaternion(0.022454023, 0.2659924, -0.20974976, 0.940611)
bones/18/rotation = Quaternion(0.04225395, 0.025641711, 0.23230468, 0.9713865)
bones/19/rotation = Quaternion(-0.076612115, -0.0015270268, -0.019867515, 0.99686193)
bones/22/position = Vector3(-0.17591701, 0.25824636, 0.0999905)
bones/22/rotation = Quaternion(-0.042226482, -0.008970842, 0.4103367, 0.9109118)
bones/23/rotation = Quaternion(0.52046585, -0.50334287, -0.48082283, -0.49454102)
bones/24/rotation = Quaternion(0.022454133, -0.26599246, 0.20974979, 0.940611)
bones/32/rotation = Quaternion(0.042253986, -0.025641752, -0.23230468, 0.9713865)
bones/33/rotation = Quaternion(-0.07661222, 0.0015270492, 0.019867556, 0.9968619)
bones/36/rotation = Quaternion(0.96503985, 0.008727484, 0.002116871, 0.26194936)
bones/36/scale = Vector3(0.99997604, 0.99998355, 0.9999317)
bones/37/rotation = Quaternion(0.5170186, 0.0063197985, 0.008505981, 0.85590863)
bones/37/scale = Vector3(1.000008, 1.000047, 1.0000012)
bones/38/rotation = Quaternion(0.9650399, -0.00872758, -0.0021160014, 0.26194924)
bones/38/scale = Vector3(0.99997616, 0.9999837, 0.999932)
bones/39/rotation = Quaternion(0.5170186, -0.00631982, -0.008506015, 0.85590863)
bones/39/scale = Vector3(1.000008, 1.0000468, 1.0000012)
bones/41/rotation = Quaternion(-1.2070909e-05, 0.70580643, 0.70840484, -1.1657449e-05)

[node name="Foot_L" parent="EnemyModel/RootNode/CharacterArmature/Skeleton3D" index="0" unique_id=1148763957]
transform = Transform3D(-1, -4.642763e-08, 3.355589e-05, -7.686748e-08, -0.9999933, -0.0036742687, 3.355583e-05, -0.003674388, 0.9999933, 0.350608, 0.2804951, 0.041173443)

[node name="Head" parent="EnemyModel/RootNode/CharacterArmature/Skeleton3D" index="1" unique_id=2109138117]
transform = Transform3D(0.99999976, 2.2545521e-11, -0.0005502029, -0.0005329997, -0.24810566, -0.9687327, -0.00013650852, 0.96873254, -0.24810567, -0.0006383768, 0.06461947, 1.9665769)

[node name="Pinky3_L" parent="EnemyModel/RootNode/CharacterArmature/Skeleton3D" index="2" unique_id=2083260786]
transform = Transform3D(-0.3710709, 0.5363427, 0.758052, -0.84340924, 0.1469096, -0.51679593, -0.38854483, -0.8311162, 0.39784214, 1.5113902, 0.14369948, 0.41722667)

[node name="Middle3_L" parent="EnemyModel/RootNode/CharacterArmature/Skeleton3D" index="3" unique_id=999318437]
transform = Transform3D(-0.54215854, 0.5118322, 0.66640246, -0.82127637, -0.15507713, -0.54905015, -0.17767763, -0.8449729, 0.50443155, 1.4564955, -0.010725256, 0.33464664)

[node name="Index3_L" parent="EnemyModel/RootNode/CharacterArmature/Skeleton3D" index="4" unique_id=1596555822]
transform = Transform3D(-0.64670926, 0.43423182, 0.62706447, -0.76271236, -0.3616118, -0.53619623, -0.0060793813, -0.8250329, 0.5650515, 1.3386493, -0.15947181, 0.35638607)

[node name="Thumb2_L" parent="EnemyModel/RootNode/CharacterArmature/Skeleton3D" index="5" unique_id=40001493]
transform = Transform3D(-0.75042605, -0.20892824, 0.62706465, -0.22126311, -0.8145773, -0.5361963, 0.62281907, -0.54112184, 0.56505156, 1.1022533, -0.15967162, 0.570487)

[node name="Pinky3_R" parent="EnemyModel/RootNode/CharacterArmature/Skeleton3D" index="6" unique_id=1720893030]
transform = Transform3D(-0.37107107, -0.5363422, -0.75805223, 0.8434092, 0.14690936, -0.51679605, 0.38854423, -0.83111644, 0.39784193, -1.5113884, 0.14369941, 0.4172263)

[node name="Middle1_R" parent="EnemyModel/RootNode/CharacterArmature/Skeleton3D" index="7" unique_id=1564250580]
transform = Transform3D(-0.55730206, -0.61098385, -0.5622391, 0.8154397, -0.27516782, -0.50925493, 0.15643637, -0.7422809, 0.6515719, -1.2383864, 0.07702592, 0.6322323)

[node name="Middle3_R" parent="EnemyModel/RootNode/CharacterArmature/Skeleton3D" index="8" unique_id=443960801]
transform = Transform3D(-0.5421586, -0.51183105, -0.6664029, 0.82127637, -0.15507707, -0.5490502, 0.17767712, -0.844973, 0.50443095, -1.4564934, -0.010725097, 0.33464617)

[node name="Index3_R" parent="EnemyModel/RootNode/CharacterArmature/Skeleton3D" index="9" unique_id=1258829506]
transform = Transform3D(-0.64670914, -0.43423086, -0.6270648, 0.7627123, -0.36161196, -0.53619623, 0.0060787443, -0.82503307, 0.56505096, -1.3386476, -0.15947184, 0.35638592)

[node name="Thumb2_R" parent="EnemyModel/RootNode/CharacterArmature/Skeleton3D" index="10" unique_id=30908796]
transform = Transform3D(-0.7504252, 0.20892866, -0.6270648, 0.221263, -0.8145772, -0.53619623, -0.62281936, -0.5411215, 0.5650511, -1.1022515, -0.15967163, 0.57048696)

[node name="LowerLeg_L" parent="EnemyModel/RootNode/CharacterArmature/Skeleton3D" index="11" unique_id=1157110322]
transform = Transform3D(0.9999126, 0.0069595384, 0.009713122, -0.011924188, 0.5284057, 0.8488599, 0.0007748584, -0.8489516, 0.52847856, 0.34701666, 0.0057632923, 0.47162205)

[node name="LowerLeg_R" parent="EnemyModel/RootNode/CharacterArmature/Skeleton3D" index="12" unique_id=828756262]
transform = Transform3D(0.99991274, -0.006959119, -0.009713082, 0.011923932, 0.5284062, 0.8488601, -0.0007745145, -0.8489516, 0.528479, -0.34701672, 0.0057634115, 0.47162196)

[node name="PoleTarget_L" parent="EnemyModel/RootNode/CharacterArmature/Skeleton3D" index="13" unique_id=1302793036]
transform = Transform3D(1, -7.1054274e-14, 7.152558e-07, 7.1525574e-07, 3.5762787e-07, -1, -1.8474117e-13, 1, 3.5762787e-07, 0.34717786, -1.6221495, 0.59993386)

[node name="Foot_R" parent="EnemyModel/RootNode/CharacterArmature/Skeleton3D" index="14" unique_id=749778877]
transform = Transform3D(-1, -4.622936e-08, -3.3556233e-05, 1.6952703e-07, -0.9999933, -0.0036742687, -3.3555832e-05, -0.003674388, 0.9999933, -0.350608, 0.2804951, 0.041173443)

[node name="PoleTarget_R" parent="EnemyModel/RootNode/CharacterArmature/Skeleton3D" index="15" unique_id=422142684]
transform = Transform3D(1, -7.105428e-14, -7.1525596e-07, -7.152558e-07, 3.5762787e-07, -1, 3.2684963e-13, 1, 3.5762787e-07, -0.34717786, -1.6221495, 0.59993386)

[node name="PhysicalBoneSimulator3D" type="PhysicalBoneSimulator3D" parent="EnemyModel/RootNode/CharacterArmature/Skeleton3D" index="17" unique_id=1402323206]

[node name="Physical Bone Root" type="PhysicalBone3D" parent="EnemyModel/RootNode/CharacterArmature/Skeleton3D/PhysicalBoneSimulator3D" unique_id=1400829401]
transform = Transform3D(0.12699102, -0.12096445, -0.9845004, -0.9919039, -0.015486449, -0.1260432, 3.321523e-07, 0.99253607, -0.121951744, 0.17468747, 0.25796598, 0.019379037)
joint_type = 5
joint_offset = Transform3D(1, 0, 0, 0, 1, 0, 0, 0, 1, -6.22496e-06, 6.734772e-06, 0.17876817)
body_offset = Transform3D(0.12699056, -0.12096446, -0.9845005, -2.2580195e-08, 0.9925362, -0.1219518, 0.99190414, 0.015486748, 0.12604271, 0.17599896, 0.021794416, -0.022526354)
linear_damp = 1.0
angular_damp = 1.0
bone_name = "Root"
joint_constraints/x/linear_limit_enabled = true
joint_constraints/x/linear_limit_upper = 0.0
joint_constraints/x/linear_limit_lower = 0.0
joint_constraints/x/linear_limit_softness = 0.01
joint_constraints/x/linear_spring_enabled = false
joint_constraints/x/linear_spring_stiffness = 0.0
joint_constraints/x/linear_spring_damping = 0.0
joint_constraints/x/linear_equilibrium_point = 0.0
joint_constraints/x/linear_restitution = 0.01
joint_constraints/x/linear_damping = 1.0
joint_constraints/x/angular_limit_enabled = true
joint_constraints/x/angular_limit_upper = 0.0
joint_constraints/x/angular_limit_lower = 0.0
joint_constraints/x/angular_limit_softness = 0.01
joint_constraints/x/angular_restitution = 0.0
joint_constraints/x/angular_damping = 1.0
joint_constraints/x/erp = 0.5
joint_constraints/x/angular_spring_enabled = false
joint_constraints/x/angular_spring_stiffness = 0.0
joint_constraints/x/angular_spring_damping = 0.0
joint_constraints/x/angular_equilibrium_point = 0.0
joint_constraints/y/linear_limit_enabled = true
joint_constraints/y/linear_limit_upper = 0.0
joint_constraints/y/linear_limit_lower = 0.0
joint_constraints/y/linear_limit_softness = 0.01
joint_constraints/y/linear_spring_enabled = false
joint_constraints/y/linear_spring_stiffness = 0.0
joint_constraints/y/linear_spring_damping = 0.0
joint_constraints/y/linear_equilibrium_point = 0.0
joint_constraints/y/linear_restitution = 0.01
joint_constraints/y/linear_damping = 1.0
joint_constraints/y/angular_limit_enabled = true
joint_constraints/y/angular_limit_upper = 0.0
joint_constraints/y/angular_limit_lower = 0.0
joint_constraints/y/angular_limit_softness = 0.01
joint_constraints/y/angular_restitution = 0.0
joint_constraints/y/angular_damping = 1.0
joint_constraints/y/erp = 0.5
joint_constraints/y/angular_spring_enabled = false
joint_constraints/y/angular_spring_stiffness = 0.0
joint_constraints/y/angular_spring_damping = 0.0
joint_constraints/y/angular_equilibrium_point = 0.0
joint_constraints/z/linear_limit_enabled = true
joint_constraints/z/linear_limit_upper = 0.0
joint_constraints/z/linear_limit_lower = 0.0
joint_constraints/z/linear_limit_softness = 0.01
joint_constraints/z/linear_spring_enabled = false
joint_constraints/z/linear_spring_stiffness = 0.0
joint_constraints/z/linear_spring_damping = 0.0
joint_constraints/z/linear_equilibrium_point = 0.0
joint_constraints/z/linear_restitution = 0.01
joint_constraints/z/linear_damping = 1.0
joint_constraints/z/angular_limit_enabled = true
joint_constraints/z/angular_limit_upper = 0.0
joint_constraints/z/angular_limit_lower = 0.0
joint_constraints/z/angular_limit_softness = 0.01
joint_constraints/z/angular_restitution = 0.0
joint_constraints/z/angular_damping = 1.0
joint_constraints/z/erp = 0.5
joint_constraints/z/angular_spring_enabled = false
joint_constraints/z/angular_spring_stiffness = 0.0
joint_constraints/z/angular_spring_damping = 0.0
joint_constraints/z/angular_equilibrium_point = 0.0

[node name="CollisionShape3D" type="CollisionShape3D" parent="EnemyModel/RootNode/CharacterArmature/Skeleton3D/PhysicalBoneSimulator3D/Physical Bone Root" unique_id=698806190]
transform = Transform3D(1, 0, 0, 0, 0, 1, 0, -1, 0, 0, 0, 0)
shape = SubResource("CapsuleShape3D_le8aq")

[node name="Physical Bone Body" type="PhysicalBone3D" parent="EnemyModel/RootNode/CharacterArmature/Skeleton3D/PhysicalBoneSimulator3D" unique_id=400777388]
transform = Transform3D(0.9962952, -0.06765123, -0.05309747, 0.0076173935, 0.6844024, -0.7290647, 0.085662164, 0.7259592, 0.68238205, -0.024039637, 0.16522083, 0.7818176)
joint_type = 5
joint_offset = Transform3D(1, 0, 0, 0, 1, 0, 0, 0, 1, 0.028607886, -0.029664785, 0.105984926)
body_offset = Transform3D(0.9962953, -0.06765074, -0.053098, 0.08566217, 0.72595936, 0.68238187, -0.0076166503, -0.68440217, 0.7290648, -0.024881158, -0.05323738, -0.09735463)
linear_damp = 1.0
angular_damp = 1.0
bone_name = "Body"
joint_constraints/x/linear_limit_enabled = true
joint_constraints/x/linear_limit_upper = 0.0
joint_constraints/x/linear_limit_lower = 0.0
joint_constraints/x/linear_limit_softness = 0.01
joint_constraints/x/linear_spring_enabled = false
joint_constraints/x/linear_spring_stiffness = 0.0
joint_constraints/x/linear_spring_damping = 0.0
joint_constraints/x/linear_equilibrium_point = 0.0
joint_constraints/x/linear_restitution = 0.01
joint_constraints/x/linear_damping = 1.0
joint_constraints/x/angular_limit_enabled = true
joint_constraints/x/angular_limit_upper = 0.0
joint_constraints/x/angular_limit_lower = 0.0
joint_constraints/x/angular_limit_softness = 0.01
joint_constraints/x/angular_restitution = 0.0
joint_constraints/x/angular_damping = 1.0
joint_constraints/x/erp = 0.5
joint_constraints/x/angular_spring_enabled = false
joint_constraints/x/angular_spring_stiffness = 0.0
joint_constraints/x/angular_spring_damping = 0.0
joint_constraints/x/angular_equilibrium_point = 0.0
joint_constraints/y/linear_limit_enabled = true
joint_constraints/y/linear_limit_upper = 0.0
joint_constraints/y/linear_limit_lower = 0.0
joint_constraints/y/linear_limit_softness = 0.01
joint_constraints/y/linear_spring_enabled = false
joint_constraints/y/linear_spring_stiffness = 0.0
joint_constraints/y/linear_spring_damping = 0.0
joint_constraints/y/linear_equilibrium_point = 0.0
joint_constraints/y/linear_restitution = 0.01
joint_constraints/y/linear_damping = 1.0
joint_constraints/y/angular_limit_enabled = true
joint_constraints/y/angular_limit_upper = 0.0
joint_constraints/y/angular_limit_lower = 0.0
joint_constraints/y/angular_limit_softness = 0.01
joint_constraints/y/angular_restitution = 0.0
joint_constraints/y/angular_damping = 1.0
joint_constraints/y/erp = 0.5
joint_constraints/y/angular_spring_enabled = false
joint_constraints/y/angular_spring_stiffness = 0.0
joint_constraints/y/angular_spring_damping = 0.0
joint_constraints/y/angular_equilibrium_point = 0.0
joint_constraints/z/linear_limit_enabled = true
joint_constraints/z/linear_limit_upper = 0.0
joint_constraints/z/linear_limit_lower = 0.0
joint_constraints/z/linear_limit_softness = 0.01
joint_constraints/z/linear_spring_enabled = false
joint_constraints/z/linear_spring_stiffness = 0.0
joint_constraints/z/linear_spring_damping = 0.0
joint_constraints/z/linear_equilibrium_point = 0.0
joint_constraints/z/linear_restitution = 0.01
joint_constraints/z/linear_damping = 1.0
joint_constraints/z/angular_limit_enabled = true
joint_constraints/z/angular_limit_upper = 0.0
joint_constraints/z/angular_limit_lower = 0.0
joint_constraints/z/angular_limit_softness = 0.01
joint_constraints/z/angular_restitution = 0.0
joint_constraints/z/angular_damping = 1.0
joint_constraints/z/erp = 0.5
joint_constraints/z/angular_spring_enabled = false
joint_constraints/z/angular_spring_stiffness = 0.0
joint_constraints/z/angular_spring_damping = 0.0
joint_constraints/z/angular_equilibrium_point = 0.0

[node name="CollisionShape3D" type="CollisionShape3D" parent="EnemyModel/RootNode/CharacterArmature/Skeleton3D/PhysicalBoneSimulator3D/Physical Bone Body" unique_id=755059825]
transform = Transform3D(1, 0, 0, 0, 0, 1, 0, -1, 0, 0, 0, 0)
shape = SubResource("CapsuleShape3D_8lm3d")

[node name="Physical Bone Hips" type="PhysicalBone3D" parent="EnemyModel/RootNode/CharacterArmature/Skeleton3D/PhysicalBoneSimulator3D" unique_id=358793603]
transform = Transform3D(0.9963079, -0.008702655, 0.085410796, 1.4835969e-06, -0.99484736, -0.101384036, 0.085853025, 0.10100983, -0.99117416, -0.029689144, 0.27829635, 0.8399221)
joint_type = 5
joint_offset = Transform3D(1, 0, 0, 0, 1, 0, 0, 0, 1, 0.01287932, -0.0033101426, 0.18955672)
body_offset = Transform3D(0.99630785, -0.008702835, 0.0854108, 0.0854106, -0.00039545447, -0.9963457, 0.0087048095, 0.9999621, 0.00034932792, -0.029050767, 0.18776268, 0.0031316876)
linear_damp = 1.0
angular_damp = 1.0
bone_name = "Hips"
joint_constraints/x/linear_limit_enabled = true
joint_constraints/x/linear_limit_upper = 0.0
joint_constraints/x/linear_limit_lower = 0.0
joint_constraints/x/linear_limit_softness = 0.01
joint_constraints/x/linear_spring_enabled = false
joint_constraints/x/linear_spring_stiffness = 0.0
joint_constraints/x/linear_spring_damping = 0.0
joint_constraints/x/linear_equilibrium_point = 0.0
joint_constraints/x/linear_restitution = 0.01
joint_constraints/x/linear_damping = 1.0
joint_constraints/x/angular_limit_enabled = true
joint_constraints/x/angular_limit_upper = 0.0
joint_constraints/x/angular_limit_lower = 0.0
joint_constraints/x/angular_limit_softness = 0.01
joint_constraints/x/angular_restitution = 0.0
joint_constraints/x/angular_damping = 1.0
joint_constraints/x/erp = 0.5
joint_constraints/x/angular_spring_enabled = false
joint_constraints/x/angular_spring_stiffness = 0.0
joint_constraints/x/angular_spring_damping = 0.0
joint_constraints/x/angular_equilibrium_point = 0.0
joint_constraints/y/linear_limit_enabled = true
joint_constraints/y/linear_limit_upper = 0.0
joint_constraints/y/linear_limit_lower = 0.0
joint_constraints/y/linear_limit_softness = 0.01
joint_constraints/y/linear_spring_enabled = false
joint_constraints/y/linear_spring_stiffness = 0.0
joint_constraints/y/linear_spring_damping = 0.0
joint_constraints/y/linear_equilibrium_point = 0.0
joint_constraints/y/linear_restitution = 0.01
joint_constraints/y/linear_damping = 1.0
joint_constraints/y/angular_limit_enabled = true
joint_constraints/y/angular_limit_upper = 0.0
joint_constraints/y/angular_limit_lower = 0.0
joint_constraints/y/angular_limit_softness = 0.01
joint_constraints/y/angular_restitution = 0.0
joint_constraints/y/angular_damping = 1.0
joint_constraints/y/erp = 0.5
joint_constraints/y/angular_spring_enabled = false
joint_constraints/y/angular_spring_stiffness = 0.0
joint_constraints/y/angular_spring_damping = 0.0
joint_constraints/y/angular_equilibrium_point = 0.0
joint_constraints/z/linear_limit_enabled = true
joint_constraints/z/linear_limit_upper = 0.0
joint_constraints/z/linear_limit_lower = 0.0
joint_constraints/z/linear_limit_softness = 0.01
joint_constraints/z/linear_spring_enabled = false
joint_constraints/z/linear_spring_stiffness = 0.0
joint_constraints/z/linear_spring_damping = 0.0
joint_constraints/z/linear_equilibrium_point = 0.0
joint_constraints/z/linear_restitution = 0.01
joint_constraints/z/linear_damping = 1.0
joint_constraints/z/angular_limit_enabled = true
joint_constraints/z/angular_limit_upper = 0.0
joint_constraints/z/angular_limit_lower = 0.0
joint_constraints/z/angular_limit_softness = 0.01
joint_constraints/z/angular_restitution = 0.0
joint_constraints/z/angular_damping = 1.0
joint_constraints/z/erp = 0.5
joint_constraints/z/angular_spring_enabled = false
joint_constraints/z/angular_spring_stiffness = 0.0
joint_constraints/z/angular_spring_damping = 0.0
joint_constraints/z/angular_equilibrium_point = 0.0

[node name="CollisionShape3D" type="CollisionShape3D" parent="EnemyModel/RootNode/CharacterArmature/Skeleton3D/PhysicalBoneSimulator3D/Physical Bone Hips" unique_id=281931351]
transform = Transform3D(1, 0, 0, 0, 0, 1, 0, -1, 0, 0, 0, 0)
shape = SubResource("CapsuleShape3D_2yjbs")

[node name="Physical Bone Abdomen" type="PhysicalBone3D" parent="EnemyModel/RootNode/CharacterArmature/Skeleton3D/PhysicalBoneSimulator3D" unique_id=1049350638]
transform = Transform3D(0.99631274, 0.0042632334, 0.08569127, 3.909692e-06, -0.99876696, 0.04964428, 0.08579726, -0.049460888, -0.99508417, -0.055960834, 0.28688964, 1.1443115)
joint_type = 5
joint_offset = Transform3D(1, 0, 0, 0, 1, 0, 0, 0, 1, 0.039779298, 0.001729887, 0.18301113)
body_offset = Transform3D(0.99631286, 0.0042621973, 0.085691094, 0.0834651, 0.18312627, -0.97953993, -0.019867282, 0.9830802, 0.18209529, -0.055322424, 0.17562973, -0.034235775)
linear_damp = 1.0
angular_damp = 1.0
bone_name = "Abdomen"
joint_constraints/x/linear_limit_enabled = true
joint_constraints/x/linear_limit_upper = 0.0
joint_constraints/x/linear_limit_lower = 0.0
joint_constraints/x/linear_limit_softness = 0.01
joint_constraints/x/linear_spring_enabled = false
joint_constraints/x/linear_spring_stiffness = 0.0
joint_constraints/x/linear_spring_damping = 0.0
joint_constraints/x/linear_equilibrium_point = 0.0
joint_constraints/x/linear_restitution = 0.01
joint_constraints/x/linear_damping = 1.0
joint_constraints/x/angular_limit_enabled = true
joint_constraints/x/angular_limit_upper = 0.0
joint_constraints/x/angular_limit_lower = 0.0
joint_constraints/x/angular_limit_softness = 0.01
joint_constraints/x/angular_restitution = 0.0
joint_constraints/x/angular_damping = 1.0
joint_constraints/x/erp = 0.5
joint_constraints/x/angular_spring_enabled = false
joint_constraints/x/angular_spring_stiffness = 0.0
joint_constraints/x/angular_spring_damping = 0.0
joint_constraints/x/angular_equilibrium_point = 0.0
joint_constraints/y/linear_limit_enabled = true
joint_constraints/y/linear_limit_upper = 0.0
joint_constraints/y/linear_limit_lower = 0.0
joint_constraints/y/linear_limit_softness = 0.01
joint_constraints/y/linear_spring_enabled = false
joint_constraints/y/linear_spring_stiffness = 0.0
joint_constraints/y/linear_spring_damping = 0.0
joint_constraints/y/linear_equilibrium_point = 0.0
joint_constraints/y/linear_restitution = 0.01
joint_constraints/y/linear_damping = 1.0
joint_constraints/y/angular_limit_enabled = true
joint_constraints/y/angular_limit_upper = 0.0
joint_constraints/y/angular_limit_lower = 0.0
joint_constraints/y/angular_limit_softness = 0.01
joint_constraints/y/angular_restitution = 0.0
joint_constraints/y/angular_damping = 1.0
joint_constraints/y/erp = 0.5
joint_constraints/y/angular_spring_enabled = false
joint_constraints/y/angular_spring_stiffness = 0.0
joint_constraints/y/angular_spring_damping = 0.0
joint_constraints/y/angular_equilibrium_point = 0.0
joint_constraints/z/linear_limit_enabled = true
joint_constraints/z/linear_limit_upper = 0.0
joint_constraints/z/linear_limit_lower = 0.0
joint_constraints/z/linear_limit_softness = 0.01
joint_constraints/z/linear_spring_enabled = false
joint_constraints/z/linear_spring_stiffness = 0.0
joint_constraints/z/linear_spring_damping = 0.0
joint_constraints/z/linear_equilibrium_point = 0.0
joint_constraints/z/linear_restitution = 0.01
joint_constraints/z/linear_damping = 1.0
joint_constraints/z/angular_limit_enabled = true
joint_constraints/z/angular_limit_upper = 0.0
joint_constraints/z/angular_limit_lower = 0.0
joint_constraints/z/angular_limit_softness = 0.01
joint_constraints/z/angular_restitution = 0.0
joint_constraints/z/angular_damping = 1.0
joint_constraints/z/erp = 0.5
joint_constraints/z/angular_spring_enabled = false
joint_constraints/z/angular_spring_stiffness = 0.0
joint_constraints/z/angular_spring_damping = 0.0
joint_constraints/z/angular_equilibrium_point = 0.0

[node name="CollisionShape3D" type="CollisionShape3D" parent="EnemyModel/RootNode/CharacterArmature/Skeleton3D/PhysicalBoneSimulator3D/Physical Bone Abdomen" unique_id=288327993]
transform = Transform3D(1, 0, 0, 0, 0, 1, 0, -1, 0, 0, 0, 0)
shape = SubResource("CapsuleShape3D_m7tq7")

[node name="Physical Bone Torso" type="PhysicalBone3D" parent="EnemyModel/RootNode/CharacterArmature/Skeleton3D/PhysicalBoneSimulator3D" unique_id=2137984085]
transform = Transform3D(0.9963114, 0.0033272188, 0.08574754, -0.0008490095, -0.99881697, 0.04862132, 0.085807875, -0.048514776, -0.9951298, -0.09305556, 0.26527265, 1.5756748)
joint_type = 5
joint_offset = Transform3D(1, 0, 0, 0, 1, 0, 0, 0, 1, 0.06467914, 0.055923887, 0.32409698)
body_offset = Transform3D(0.9963115, 0.0033278181, 0.085747674, 0.08387257, 0.17349179, -0.98125786, -0.018141959, 0.9848299, 0.17257273, -0.09241724, 0.30289555, -0.109832406)
linear_damp = 1.0
angular_damp = 1.0
bone_name = "Torso"
joint_constraints/x/linear_limit_enabled = true
joint_constraints/x/linear_limit_upper = 0.0
joint_constraints/x/linear_limit_lower = 0.0
joint_constraints/x/linear_limit_softness = 0.01
joint_constraints/x/linear_spring_enabled = false
joint_constraints/x/linear_spring_stiffness = 0.0
joint_constraints/x/linear_spring_damping = 0.0
joint_constraints/x/linear_equilibrium_point = 0.0
joint_constraints/x/linear_restitution = 0.01
joint_constraints/x/linear_damping = 1.0
joint_constraints/x/angular_limit_enabled = true
joint_constraints/x/angular_limit_upper = 0.0
joint_constraints/x/angular_limit_lower = 0.0
joint_constraints/x/angular_limit_softness = 0.01
joint_constraints/x/angular_restitution = 0.0
joint_constraints/x/angular_damping = 1.0
joint_constraints/x/erp = 0.5
joint_constraints/x/angular_spring_enabled = false
joint_constraints/x/angular_spring_stiffness = 0.0
joint_constraints/x/angular_spring_damping = 0.0
joint_constraints/x/angular_equilibrium_point = 0.0
joint_constraints/y/linear_limit_enabled = true
joint_constraints/y/linear_limit_upper = 0.0
joint_constraints/y/linear_limit_lower = 0.0
joint_constraints/y/linear_limit_softness = 0.01
joint_constraints/y/linear_spring_enabled = false
joint_constraints/y/linear_spring_stiffness = 0.0
joint_constraints/y/linear_spring_damping = 0.0
joint_constraints/y/linear_equilibrium_point = 0.0
joint_constraints/y/linear_restitution = 0.01
joint_constraints/y/linear_damping = 1.0
joint_constraints/y/angular_limit_enabled = true
joint_constraints/y/angular_limit_upper = 0.0
joint_constraints/y/angular_limit_lower = 0.0
joint_constraints/y/angular_limit_softness = 0.01
joint_constraints/y/angular_restitution = 0.0
joint_constraints/y/angular_damping = 1.0
joint_constraints/y/erp = 0.5
joint_constraints/y/angular_spring_enabled = false
joint_constraints/y/angular_spring_stiffness = 0.0
joint_constraints/y/angular_spring_damping = 0.0
joint_constraints/y/angular_equilibrium_point = 0.0
joint_constraints/z/linear_limit_enabled = true
joint_constraints/z/linear_limit_upper = 0.0
joint_constraints/z/linear_limit_lower = 0.0
joint_constraints/z/linear_limit_softness = 0.01
joint_constraints/z/linear_spring_enabled = false
joint_constraints/z/linear_spring_stiffness = 0.0
joint_constraints/z/linear_spring_damping = 0.0
joint_constraints/z/linear_equilibrium_point = 0.0
joint_constraints/z/linear_restitution = 0.01
joint_constraints/z/linear_damping = 1.0
joint_constraints/z/angular_limit_enabled = true
joint_constraints/z/angular_limit_upper = 0.0
joint_constraints/z/angular_limit_lower = 0.0
joint_constraints/z/angular_limit_softness = 0.01
joint_constraints/z/angular_restitution = 0.0
joint_constraints/z/angular_damping = 1.0
joint_constraints/z/erp = 0.5
joint_constraints/z/angular_spring_enabled = false
joint_constraints/z/angular_spring_stiffness = 0.0
joint_constraints/z/angular_spring_damping = 0.0
joint_constraints/z/angular_equilibrium_point = 0.0

[node name="CollisionShape3D" type="CollisionShape3D" parent="EnemyModel/RootNode/CharacterArmature/Skeleton3D/PhysicalBoneSimulator3D/Physical Bone Torso" unique_id=617231249]
transform = Transform3D(1, 0, 0, 0, 0, 1, 0, -1, 0, 0, 0, 0)
shape = SubResource("CapsuleShape3D_x2xl1")

[node name="Physical Bone Neck" type="PhysicalBone3D" parent="EnemyModel/RootNode/CharacterArmature/Skeleton3D/PhysicalBoneSimulator3D" unique_id=1346719847]
transform = Transform3D(0.99630994, 0.0030331193, 0.085776016, -0.0008440977, -0.9989809, 0.045129284, 0.08582548, -0.045035154, -0.9952918, -0.12454329, 0.24800879, 1.9384547)
joint_type = 5
joint_offset = Transform3D(1, 0, 0, 0, 1, 0, 0, 0, 1, 0.11243919, 0.1542502, 0.13305306)
body_offset = Transform3D(0.99631, 0.0030316776, 0.08577576, 0.08395095, 0.17351498, -0.9812467, -0.017858204, 0.9848266, 0.17262013, -0.12390465, 0.094353795, -0.17286938)
linear_damp = 1.0
angular_damp = 1.0
bone_name = "Neck"
joint_constraints/x/linear_limit_enabled = true
joint_constraints/x/linear_limit_upper = 0.0
joint_constraints/x/linear_limit_lower = 0.0
joint_constraints/x/linear_limit_softness = 0.01
joint_constraints/x/linear_spring_enabled = false
joint_constraints/x/linear_spring_stiffness = 0.0
joint_constraints/x/linear_spring_damping = 0.0
joint_constraints/x/linear_equilibrium_point = 0.0
joint_constraints/x/linear_restitution = 0.01
joint_constraints/x/linear_damping = 1.0
joint_constraints/x/angular_limit_enabled = true
joint_constraints/x/angular_limit_upper = 0.0
joint_constraints/x/angular_limit_lower = 0.0
joint_constraints/x/angular_limit_softness = 0.01
joint_constraints/x/angular_restitution = 0.0
joint_constraints/x/angular_damping = 1.0
joint_constraints/x/erp = 0.5
joint_constraints/x/angular_spring_enabled = false
joint_constraints/x/angular_spring_stiffness = 0.0
joint_constraints/x/angular_spring_damping = 0.0
joint_constraints/x/angular_equilibrium_point = 0.0
joint_constraints/y/linear_limit_enabled = true
joint_constraints/y/linear_limit_upper = 0.0
joint_constraints/y/linear_limit_lower = 0.0
joint_constraints/y/linear_limit_softness = 0.01
joint_constraints/y/linear_spring_enabled = false
joint_constraints/y/linear_spring_stiffness = 0.0
joint_constraints/y/linear_spring_damping = 0.0
joint_constraints/y/linear_equilibrium_point = 0.0
joint_constraints/y/linear_restitution = 0.01
joint_constraints/y/linear_damping = 1.0
joint_constraints/y/angular_limit_enabled = true
joint_constraints/y/angular_limit_upper = 0.0
joint_constraints/y/angular_limit_lower = 0.0
joint_constraints/y/angular_limit_softness = 0.01
joint_constraints/y/angular_restitution = 0.0
joint_constraints/y/angular_damping = 1.0
joint_constraints/y/erp = 0.5
joint_constraints/y/angular_spring_enabled = false
joint_constraints/y/angular_spring_stiffness = 0.0
joint_constraints/y/angular_spring_damping = 0.0
joint_constraints/y/angular_equilibrium_point = 0.0
joint_constraints/z/linear_limit_enabled = true
joint_constraints/z/linear_limit_upper = 0.0
joint_constraints/z/linear_limit_lower = 0.0
joint_constraints/z/linear_limit_softness = 0.01
joint_constraints/z/linear_spring_enabled = false
joint_constraints/z/linear_spring_stiffness = 0.0
joint_constraints/z/linear_spring_damping = 0.0
joint_constraints/z/linear_equilibrium_point = 0.0
joint_constraints/z/linear_restitution = 0.01
joint_constraints/z/linear_damping = 1.0
joint_constraints/z/angular_limit_enabled = true
joint_constraints/z/angular_limit_upper = 0.0
joint_constraints/z/angular_limit_lower = 0.0
joint_constraints/z/angular_limit_softness = 0.01
joint_constraints/z/angular_restitution = 0.0
joint_constraints/z/angular_damping = 1.0
joint_constraints/z/erp = 0.5
joint_constraints/z/angular_spring_enabled = false
joint_constraints/z/angular_spring_stiffness = 0.0
joint_constraints/z/angular_spring_damping = 0.0
joint_constraints/z/angular_equilibrium_point = 0.0

[node name="CollisionShape3D" type="CollisionShape3D" parent="EnemyModel/RootNode/CharacterArmature/Skeleton3D/PhysicalBoneSimulator3D/Physical Bone Neck" unique_id=267397688]
transform = Transform3D(1, 0, 0, 0, 0, 1, 0, -1, 0, 0, 0, 0)
shape = SubResource("CapsuleShape3D_40foh")

[node name="Physical Bone Shoulder_L" type="PhysicalBone3D" parent="EnemyModel/RootNode/CharacterArmature/Skeleton3D/PhysicalBoneSimulator3D" unique_id=1081343819]
transform = Transform3D(0.7088526, 0.21448272, -0.67195636, 0.12754788, -0.97591954, -0.17695382, -0.69372886, 0.03972755, -0.7191398, 0.19224, 0.19199911, 1.6559923)
joint_type = 5
joint_offset = Transform3D(1, 0, 0, 0, 1, 0, 0, 0, 1, 0.091491766, 0.10843443, 0.15446842)
body_offset = Transform3D(0.9979477, -0.030951552, 0.056063384, 0.06201309, 0.24857166, -0.9666265, 0.015982844, 0.9681189, 0.2499808, -0.096607804, 0.11668587, -0.14505386)
linear_damp = 1.0
angular_damp = 1.0
bone_name = "Shoulder.L"
joint_constraints/x/linear_limit_enabled = true
joint_constraints/x/linear_limit_upper = 0.0
joint_constraints/x/linear_limit_lower = 0.0
joint_constraints/x/linear_limit_softness = 0.01
joint_constraints/x/linear_spring_enabled = false
joint_constraints/x/linear_spring_stiffness = 0.0
joint_constraints/x/linear_spring_damping = 0.0
joint_constraints/x/linear_equilibrium_point = 0.0
joint_constraints/x/linear_restitution = 0.01
joint_constraints/x/linear_damping = 1.0
joint_constraints/x/angular_limit_enabled = true
joint_constraints/x/angular_limit_upper = 0.0
joint_constraints/x/angular_limit_lower = 0.0
joint_constraints/x/angular_limit_softness = 0.01
joint_constraints/x/angular_restitution = 0.0
joint_constraints/x/angular_damping = 1.0
joint_constraints/x/erp = 0.5
joint_constraints/x/angular_spring_enabled = false
joint_constraints/x/angular_spring_stiffness = 0.0
joint_constraints/x/angular_spring_damping = 0.0
joint_constraints/x/angular_equilibrium_point = 0.0
joint_constraints/y/linear_limit_enabled = true
joint_constraints/y/linear_limit_upper = 0.0
joint_constraints/y/linear_limit_lower = 0.0
joint_constraints/y/linear_limit_softness = 0.01
joint_constraints/y/linear_spring_enabled = false
joint_constraints/y/linear_spring_stiffness = 0.0
joint_constraints/y/linear_spring_damping = 0.0
joint_constraints/y/linear_equilibrium_point = 0.0
joint_constraints/y/linear_restitution = 0.01
joint_constraints/y/linear_damping = 1.0
joint_constraints/y/angular_limit_enabled = true
joint_constraints/y/angular_limit_upper = 0.0
joint_constraints/y/angular_limit_lower = 0.0
joint_constraints/y/angular_limit_softness = 0.01
joint_constraints/y/angular_restitution = 0.0
joint_constraints/y/angular_damping = 1.0
joint_constraints/y/erp = 0.5
joint_constraints/y/angular_spring_enabled = false
joint_constraints/y/angular_spring_stiffness = 0.0
joint_constraints/y/angular_spring_damping = 0.0
joint_constraints/y/angular_equilibrium_point = 0.0
joint_constraints/z/linear_limit_enabled = true
joint_constraints/z/linear_limit_upper = 0.0
joint_constraints/z/linear_limit_lower = 0.0
joint_constraints/z/linear_limit_softness = 0.01
joint_constraints/z/linear_spring_enabled = false
joint_constraints/z/linear_spring_stiffness = 0.0
joint_constraints/z/linear_spring_damping = 0.0
joint_constraints/z/linear_equilibrium_point = 0.0
joint_constraints/z/linear_restitution = 0.01
joint_constraints/z/linear_damping = 1.0
joint_constraints/z/angular_limit_enabled = true
joint_constraints/z/angular_limit_upper = 0.0
joint_constraints/z/angular_limit_lower = 0.0
joint_constraints/z/angular_limit_softness = 0.01
joint_constraints/z/angular_restitution = 0.0
joint_constraints/z/angular_damping = 1.0
joint_constraints/z/erp = 0.5
joint_constraints/z/angular_spring_enabled = false
joint_constraints/z/angular_spring_stiffness = 0.0
joint_constraints/z/angular_spring_damping = 0.0
joint_constraints/z/angular_equilibrium_point = 0.0

[node name="CollisionShape3D" type="CollisionShape3D" parent="EnemyModel/RootNode/CharacterArmature/Skeleton3D/PhysicalBoneSimulator3D/Physical Bone Shoulder_L" unique_id=1276998896]
transform = Transform3D(1, 0, 0, 0, 0, 1, 0, -1, 0, 0, 0, 0)
shape = SubResource("CapsuleShape3D_hcs40")

[node name="Physical Bone UpperArm_L" type="PhysicalBone3D" parent="EnemyModel/RootNode/CharacterArmature/Skeleton3D/PhysicalBoneSimulator3D" unique_id=549749320]
transform = Transform3D(-0.38987923, 0.10689672, -0.91464055, -0.048281822, 0.98950046, 0.13622667, 0.9195995, 0.09727244, -0.38062444, 0.66326666, 0.15780969, 1.9089378)
joint_type = 5
joint_offset = Transform3D(1, 0, 0, 0, 1, 0, 0, 0, 1, -0.11196813, -0.15848352, 0.34943205)
body_offset = Transform3D(-0.1257481, -0.9759571, -0.17803201, -0.9379214, 0.17542908, -0.2992125, 0.32325077, 0.12935452, -0.9374308, -0.106542796, 0.027339756, 0.38426268)
linear_damp = 1.0
angular_damp = 1.0
bone_name = "UpperArm.L"
joint_constraints/x/linear_limit_enabled = true
joint_constraints/x/linear_limit_upper = 0.0
joint_constraints/x/linear_limit_lower = 0.0
joint_constraints/x/linear_limit_softness = 0.01
