[gd_scene format=3 uid="uid://d0vinsec8g3gj"]

[ext_resource type="Script" uid="uid://c1g6v10gllcpb" path="res://game/enemies/enemy_basic.gd" id="1_cmflh"]
[ext_resource type="PackedScene" uid="uid://bstjs0ypcyrsr" path="res://assets/third_party/Ultimate Space Kit-glb/Enemy Large.glb" id="2_3naba"]

[sub_resource type="CapsuleShape3D" id="CapsuleShape3D_enemy"]
height = 1.8

[node name="EnemyLarge" type="CharacterBody3D" unique_id=1221156552]
script = ExtResource("1_cmflh")
attack_damage = 1

[node name="EnemyModel" parent="." unique_id=1760974431 instance=ExtResource("2_3naba")]
transform = Transform3D(-1, 0, -8.742278e-08, 0, 1, 0, 8.742278e-08, 0, -1, 0, 0, 0)

[node name="Skeleton3D" parent="EnemyModel/RootNode/CharacterArmature" parent_id_path=PackedInt32Array(1760974431, 770587212) index="0" unique_id=1400968193]
bones/2/position = Vector3(5.7542253e-05, 0.008646074, 0.001975406)
bones/2/rotation = Quaternion(0.007875373, 0.07246826, -0.00082247297, 0.99733937)
bones/4/rotation = Quaternion(0.13561171, 4.2085443e-07, 6.784959e-08, 0.99076205)
bones/5/rotation = Quaternion(0.089006454, -8.2878165e-07, 2.5647772e-08, 0.9960311)
bones/7/rotation = Quaternion(-0.3785561, -0.0002553055, 0.00010386246, 0.9255783)
bones/8/position = Vector3(0.0017719386, 0.002754452, 0.0005405295)
bones/8/rotation = Quaternion(-0.14179899, -0.016280226, -0.41113135, 0.90033275)
bones/9/rotation = Quaternion(0.5535669, 0.50173926, 0.3800378, -0.5453372)
bones/10/rotation = Quaternion(0.03573579, 0.2105443, -0.23720846, 0.94769526)
bones/18/rotation = Quaternion(0.042253926, 0.025641708, 0.23230468, 0.9713865)
bones/19/rotation = Quaternion(-0.076612115, -0.0015270616, -0.019867497, 0.99686193)
bones/22/position = Vector3(-0.0017591704, 0.002754453, 0.0005405315)
bones/22/rotation = Quaternion(-0.14179872, 0.016280785, 0.41113144, 0.9003327)
bones/23/rotation = Quaternion(0.31791365, -0.58219904, -0.5947243, -0.4541787)
bones/24/rotation = Quaternion(0.02722573, -0.20189825, 0.1333604, 0.9699025)
bones/26/rotation = Quaternion(-0.35208496, 0.039951846, 0.26151597, 0.8978026)
bones/27/rotation = Quaternion(-0.6248764, -0.06210559, -0.0610276, 0.77585304)
bones/29/rotation = Quaternion(-0.51045364, -0.020178612, 0.0861193, 0.855344)
bones/30/rotation = Quaternion(-0.5270993, -0.034914583, 0.07154874, 0.8460663)
bones/32/rotation = Quaternion(-0.37396535, -0.014268707, -0.14329864, 0.9161942)
bones/33/rotation = Quaternion(-0.63640666, -0.026933424, 0.16093622, 0.75389713)
bones/35/rotation = Quaternion(-0.68594307, -0.16903254, -0.27098528, 0.65381736)
bones/36/rotation = Quaternion(0.96665233, 0.0052247043, 0.07160958, 0.24582116)
bones/37/rotation = Quaternion(0.4719608, 0.0058704265, 0.008822111, 0.88155586)
bones/38/rotation = Quaternion(0.93042964, -0.027967904, 0.06768997, 0.35907745)
bones/39/rotation = Quaternion(0.42962196, -0.0054454515, -0.009090626, 0.90294677)
bones/41/position = Vector3(-0.0034929647, 0.00046921265, 0.0024278685)

[node name="Head" parent="EnemyModel/RootNode/CharacterArmature/Skeleton3D" index="1" unique_id=2046886849]
transform = Transform3D(0.98957086, 0.044204757, 0.13709573, 0.1440446, -0.29927707, -0.9432308, -0.0006656784, 0.95314145, -0.3025235, 0.00033180148, -0.0016536452, 0.019255374)

[node name="Pinky3_L" parent="EnemyModel/RootNode/CharacterArmature/Skeleton3D" index="2" unique_id=407319993]
transform = Transform3D(0.03982066, 0.5749955, 0.8171868, -0.9366945, 0.30621243, -0.16981536, -0.34787604, -0.7586922, 0.55078864, 0.015676055, 0.0062597836, 0.006419784)

[node name="Middle3_L" parent="EnemyModel/RootNode/CharacterArmature/Skeleton3D" index="3" unique_id=1442197083]
transform = Transform3D(-0.1600964, 0.6671136, 0.7275495, -0.9729791, 0.017580444, -0.23022293, -0.16637571, -0.7447483, 0.64627326, 0.015887339, 0.0045899237, 0.005688402)

[node name="Index3_L" parent="EnemyModel/RootNode/CharacterArmature/Skeleton3D" index="4" unique_id=2012654580]
transform = Transform3D(-0.306184, 0.6696167, 0.67665684, -0.9518024, -0.20189442, -0.2308921, -0.017996218, -0.7147392, 0.69915944, 0.01532722, 0.002775, 0.0058906474)

[node name="Thumb2_L" parent="EnemyModel/RootNode/CharacterArmature/Skeleton3D" index="5" unique_id=2139006097]
transform = Transform3D(-0.70780945, 0.2028329, 0.676657, -0.46556103, -0.8543663, -0.23089217, 0.53128046, -0.47845292, 0.69915956, 0.012809231, 0.0019572412, 0.007669204)

[node name="Pinky3_R" parent="EnemyModel/RootNode/CharacterArmature/Skeleton3D" index="6" unique_id=1626823572]
transform = Transform3D(-0.74727744, 0.58904314, -0.30757838, 0.66428673, 0.6742321, -0.32269782, 0.017296376, -0.4454646, -0.8951321, -0.014210939, -0.0070434725, 0.0061195754)

[node name="Middle3_R" parent="EnemyModel/RootNode/CharacterArmature/Skeleton3D" index="7" unique_id=75005143]
transform = Transform3D(-0.8198736, 0.5724663, 0.00943023, 0.51888514, 0.749896, -0.4103827, -0.24200179, -0.33156848, -0.91186434, -0.013106965, -0.008077223, 0.0056954687)

[node name="Index3_R" parent="EnemyModel/RootNode/CharacterArmature/Skeleton3D" index="8" unique_id=2031054596]
transform = Transform3D(-0.8446554, 0.4968148, 0.19932811, 0.3728123, 0.81316197, -0.4469661, -0.3841452, -0.3032201, -0.8720606, -0.011744287, -0.009121568, 0.005941704)

[node name="Thumb2_R" parent="EnemyModel/RootNode/CharacterArmature/Skeleton3D" index="9" unique_id=205909230]
transform = Transform3D(-0.7559542, -0.087184995, 0.6487924, -0.6527091, 0.17614278, -0.7368478, -0.05003807, -0.9804957, -0.19006254, -0.009825288, -0.008292413, 0.008082718)

[node name="LowerLeg_L" parent="EnemyModel/RootNode/CharacterArmature/Skeleton3D" index="10" unique_id=392444971]
transform = Transform3D(0.99966806, 0.023513727, -0.008881077, -0.00358206, 0.48295364, 0.8755857, 0.02487746, -0.8753112, 0.48293215, 0.0033603592, 0.00042167061, 0.0049088993)

[node name="LowerLeg_R" parent="EnemyModel/RootNode/CharacterArmature/Skeleton3D" index="11" unique_id=1066767542]
transform = Transform3D(0.9998515, 0.0058247615, -0.015200993, 0.014021984, 0.1661813, 0.9859563, 0.008269813, -0.9860668, 0.16613474, -0.0035746903, -0.0014056368, 0.005485312)

[node name="Foot_R" parent="EnemyModel/RootNode/CharacterArmature/Skeleton3D" index="13" unique_id=1992730755]
transform = Transform3D(-1, -4.633128e-08, -3.3529996e-05, 1.6952703e-07, -0.9999932, -0.0036742091, -3.3529588e-05, -0.0036741495, 0.9999932, -0.0035060782, -7.3474366e-05, 0.00044505976)

[node name="CollisionShape3D" type="CollisionShape3D" parent="." unique_id=875321237]
transform = Transform3D(1, 0, 0, 0, 1, 0, 0, 0, 1, 0, 0.9, 0)
shape = SubResource("CapsuleShape3D_enemy")

[editable path="EnemyModel"]
